3828002862
3827909558
3827905293
3827893083
3827781209
3825136580
3825085774
3824399158
3824416450
3824392692
3824373525
3823193977
3823147876
3823069396
3822815395
3822780775
3822369001
3822353772
3822339016
3822313863
3821073201
3821027246
3820991688
3814924804
3786832348
3780467686
3780436992
3760705061
3760631559
3760388322
3753010202
3753002735
3746575368
3742374044
3715248057
3693216896
3692155316
3692122859
3660699913
3660665481
3657196002
3657110039
3652957214
3652899764
3649868241
3649844348
3648613482
3642142650
3642030889
3634467334
3634448370
3634398572
3634388753
3634373181
3633823728
3632370306
3632361481
3630793547
3630762022
3630720639
3628446515
3628414538
3627107857
3625712989
3624931262
3622153585
3606971780
3605149010
3605135809
3602698984
3602686229
3602303283
3602298053
3599458615
3599276871
3599232220
3598042658
3597244237
3597129260
3596572620
3596394880
3596374065
3596224858
3596143596
3596102188
3596087049
3596058864
3592140083
3592107199
3591906144
3591877669
3591863746
3591815168
3590728756
3590609045
3589758000
3589727904
3588825598
3588312843
3588134999
3873828239
3873799339
3873729275
3873726630
3873592214
3873485663
3872614867
3872555980
3872519845
3872523717
3872448934
3872340684
3872286344
3872178124
3872115379
3872091644
3871683345
3871671881
3871555681
3871511291
3871022161
3870924736
3870904145
3870874216
3870820377
3870539112
3870529076
3870156738
3870100937
3870046938
3870015690
3869992942
3869742790
3869731804
3869712410
3869677455
3868820361
3868851634
3868781969
3868345600
3868139647
3868126312
3867797978
3867811014
3867768799
3867594221
3867274826
3867219065
3866997289
3866993963
3866964222
3866371012
3866080762
3866040665
3865464165
3865395452
3865346427
3864716352
3864668276
3864663123
3864607166
3864567331
3864494892
3864453222
3864365433
3864126065
3864007625
3863896033
3863848001
3863470450
3863495892
3863475673
3863456362
3863444182
3862883483
3862820434
3862850620
3862731094
3862702960
3862659954
3862663318
3861577396
3861604544
3829720143
3829642173
3829394602
3829388812
3829278064
3829285745
3829275313
3829283759
3829282815
3829173924
3829142250
3828958329
3828899258
3828863113
3828844231
3828002862
3827909558
3873983187
3873828239
3873862463
3870579058
3870576620
3868601918
3868592294
3867051964
3867019395
3867041376
3867015874
3862667603
3862657268
3862636212
3862591146
3862508607
3860077474
3854845328
3852348116
3852328493
3852006821
3851946305
3851732787
3845204575
3845194566
3840904264
3840899223
3840092906
3840089975
3837734171
3836732070
3836731096
3836686048
3834080689
3833150229
3832061045
3832040993
3832029238
3832021831
3831877962
3830035339
3829996203
3818534289
3818489142
3818500648
3817530746
3817518938
3817497428
3817513295
3817480416
3814930498
3813685775
3806980065
3806984250
3806960404
3804953689
3804939207
3804936669
3802634620
3802630674
3802611694
3802597816
3801463368
3801460926
3801378843
3801381784
3800989078
3800019613
3798403819
3797964053
3797939924
3797951501
3797905538
3797279080
3797263542
3795373137
3795331150
3794497892
3794503439
3794031601
3793259937
3779944499
3779860168
3775893071
3775836673
3775763200
3774815799
3774749081
3762845079
3752940419
3741519355
3741507920
3741481267
3740373164
3740367559
3740362553
3729951504
3720192123
3720158875
3720151164
3879051860
3878996299
3876222385
3874628431
3874633590
3874607078
3874613370
3874622287
3874621311
3874610537
3874594580
3874579297
3874600518
3874584341
3874582551
3874548353
3874027112
3874012027
3873983187
3873934897
3873921538
3873864765
3873828312
3873852575
3873834194
3873861264
3873860546
3873769088
3873768393
3873766691
3870518043
3870507385
3870503693
3868340236
3860793337
3860780154
3860792202
3860801583
3860800976
3860778017
3860769332
3860767906
3860780621
3860754522
3858019786
3857980917
3855986676
3855973932
3855939355
3855945193
3855919122
3855921923
3855872193
3855838622
3855789102
3855776346
3854570862
3854519592
3854485060
3854279428
3854256523
3854210974
3854168875
3854138086
3852427142
3852444652
3852433412
3852422635
3852441052
3852420683
3852399619
3852398319
3852406296
3852394878
3852401904
3852388655
3852384732
3852339674
3852343332
3852312453
3852291759
3852218476
3852204597
3851750546
3851714669
3851689124
3851696043
3851007449
3850943202
3847392641
3847379323
3847340129
3845168171
3845164010
3844420188
3844428324
3844407898
3844414354
3844420698
3844376380
3879051860
3879024331
3878987032
3878939274
3877389794
3877377872
3877048216
3876994912
3876963898
3876915981
3876293607
3876232782
3876211007
3876043668
3875927591
3875911777
3875863254
3875765788
3875705488
3875690526
3875623980
3875354775
3875345492
3875308677
3875312489
3875003052
3874046959
3871966774
3871710621
3871645881
3871592367
3871367434
3871294684
3871181381
3870951675
3870806109
3870757481
3870737478
3870084362
3870028863
3870007592
3869987778
3869290773
3869158125
3868731939
3868143698
3867510472
3867336685
3867089371
3867087253
3866138775
3866130598
3866057758
3866024600
3865975336
3865960684
3865247405
3863672754
3863643838
3863622180
3863463652
3863429656
3863428154
3863422913
3863402186
3862919230
3862144518
3862093449
3861552305
3861530837
3861467981
3861335449
3861161100
3861089591
3861053333
3860861397
3860299613
3860106100
3859835966
3859800214
3859775828
3859553826
3859432667
3856672047
3855413733
3855065427
3854868903
3854828360
3854605874
3854549534
3854517039
3854495485
3854475326
3854406428
3854280944
3854135783
3854107599
3853377217
3853332720
3853279149
3879051860
3878988459
3878964493
3878933951
3878903332
3878875179
3878861862
3878823822
3878778576
3878774831
3878754038
3878727863
3878725453
3878723592
3878705255
3878704488
3878689180
3878680311
3878687964
3878679060
3878710527
3878669575
3878683956
3878666342
3878639877
3878629050
3878632700
3877450307
3876872216
3876818397
3876770149
3876764516
3876734091
3876717774
3876687746
3876683923
3876649975
3874570347
3874601906
3874601316
3874585328
3874559591
3874583119
3874557446
3874573857
3874571599
3874519836
3873723645
3873664134
3873594060
3873440027
3873184267
3873133591
3873069540
3873055727
3873015675
3872983779
3872898611
3872895360
3872816095
3872778408
3872772775
3872716880
3872710493
3872648843
3872655335
3872628666
3872618836
3872640922
3872027421
3872013068
3871939325
3871912669
3871746936
3871755881
3871727996
3871734463
3871725366
3871716692
3871696457
3870626814
3870600168
3870604507
3870584541
3870590757
3870549803
3870571793
3870563697
3870570779
3870529165
3870560539
3870527003
3870535142
3870516388
3870506037
3870496259
3870492533
3870463986
3870426701
3870389761
3879051860
3879024331
3878987032
3878939274
3877389794
3877377872
3877048216
3876994912
3876963898
3876915981
3876293607
3876232782
3876211007
3876043668
3875927591
3875911777
3875863254
3875765788
3875705488
3875690526
3875623980
3875354775
3875345492
3875308677
3875312489
3875003052
3874046959
3871966774
3871710621
3871645881
3871592367
3871367434
3871294684
3871181381
3870951675
3870806109
3870757481
3870737478
3870084362
3870028863
3870007592
3869987778
3869290773
3869158125
3868731939
3868143698
3867510472
3867336685
3867089371
3867087253
3866138775
3866130598
3866057758
3866024600
3865975336
3865960684
3865247405
3863672754
3863643838
3863622180
3863463652
3863429656
3863428154
3863422913
3863402186
3862919230
3862144518
3862093449
3861552305
3861530837
3861467981
3861335449
3861161100
3861089591
3861053333
3860861397
3860299613
3860106100
3859835966
3859800214
3859775828
3859553826
3859432667
3856672047
3855413733
3855065427
3854868903
3854828360
3854605874
3854549534
3854517039
3854495485
3854475326
3854406428
3854280944
3854135783
3854107599
3853377217
3853332720
3853279149
3879051860
3878988459
3878964493
3878933951
3878903332
3878875179
3878861862
3878823822
3878778576
3878774831
3878754038
3878727863
3878725453
3878723592
3878705255
3878704488
3878689180
3878680311
3878687964
3878679060
3878710527
3878669575
3878683956
3878666342
3878639877
3878629050
3878632700
3877450307
3876872216
3876818397
3876770149
3876764516
3876734091
3876717774
3876687746
3876683923
3876649975
3874570347
3874601906
3874601316
3874585328
3874559591
3874583119
3874557446
3874573857
3874571599
3874519836
3873723645
3873664134
3873594060
3873440027
3873184267
3873133591
3873069540
3873055727
3873015675
3872983779
3872898611
3872895360
3872816095
3872778408
3872772775
3872716880
3872710493
3872648843
3872655335
3872628666
3872618836
3872640922
3872027421
3872013068
3871939325
3871912669
3871746936
3871755881
3871727996
3871734463
3871725366
3871716692
3871696457
3870626814
3870600168
3870604507
3870584541
3870590757
3870549803
3870571793
3870563697
3870570779
3870529165
3870560539
3870527003
3870535142
3870516388
3870506037
3870496259
3870492533
3870463986
3870426701
3870389761
3879051860
3879024331
3878987032
3878939274
3877389794
3877377872
3877048216
3876994912
3876963898
3876915981
3876293607
3876232782
3876211007
3876043668
3875927591
3875911777
3875863254
3875765788
3875705488
3875690526
3875623980
3875354775
3875345492
3875308677
3875312489
3875003052
3874046959
3871966774
3871710621
3871645881
3871592367
3871367434
3871294684
3871181381
3870951675
3870806109
3870757481
3870737478
3870084362
3870028863
3870007592
3869987778
3869290773
3869158125
3868731939
3868143698
3867510472
3867336685
3867089371
3867087253
3866138775
3866130598
3866057758
3866024600
3865975336
3865960684
3865247405
3863672754
3863643838
3863622180
3863463652
3863429656
3863428154
3863422913
3863402186
3862919230
3862144518
3862093449
3861552305
3861530837
3861467981
3861335449
3861161100
3861089591
3861053333
3860861397
3860299613
3860106100
3859835966
3859800214
3859775828
3859553826
3859432667
3856672047
3855413733
3855065427
3854868903
3854828360
3854605874
3854549534
3854517039
3854495485
3854475326
3854406428
3854280944
3854135783
3854107599
3853377217
3853332720
3853279149
3879051860
3878988459
3878964493
3878933951
3878903332
3878875179
3878861862
3878823822
3878778576
3878774831
3878754038
3878727863
3878725453
3878723592
3878705255
3878704488
3878689180
3878680311
3878687964
3878679060
3878710527
3878669575
3878683956
3878666342
3878639877
3878629050
3878632700
3877450307
3876872216
3876818397
3876770149
3876764516
3876734091
3876717774
3876687746
3876683923
3876649975
3874570347
3874601906
3874601316
3874585328
3874559591
3874583119
3874557446
3874573857
3874571599
3874519836
3873723645
3873664134
3873594060
3873440027
3873184267
3873133591
3873069540
3873055727
3873015675
3872983779
3872898611
3872895360
3872816095
3872778408
3872772775
3872716880
3872710493
3872648843
3872655335
3872628666
3872618836
3872640922
3872027421
3872013068
3871939325
3871912669
3871746936
3871755881
3871727996
3871734463
3871725366
3871716692
3871696457
3870626814
3870600168
3870604507
3870584541
3870590757
3870549803
3870571793
3870563697
3870570779
3870529165
3870560539
3870527003
3870535142
3870516388
3870506037
3870496259
3870492533
3870463986
3870426701
3870389761
3879051860
3879024331
3878987032
3878939274
3877389794
3877377872
3877048216
3876994912
3876963898
3876915981
3876293607
3876232782
3876211007
3876043668
3875927591
3875911777
3875863254
3875765788
3875705488
3875690526
3875623980
3875354775
3875345492
3875308677
3875312489
3875003052
3874046959
3871966774
3871710621
3871645881
3871592367
3871367434
3871294684
3871181381
3870951675
3870806109
3870757481
3870737478
3870084362
3870028863
3870007592
3869987778
3869290773
3869158125
3868731939
3868143698
3867510472
3867336685
3867089371
3867087253
3866138775
3866130598
3866057758
3866024600
3865975336
3865960684
3865247405
3863672754
3863643838
3863622180
3863463652
3863429656
3863428154
3863422913
3863402186
3862919230
3862144518
3862093449
3861552305
3861530837
3861467981
3861335449
3861161100
3861089591
3861053333
3860861397
3860299613
3860106100
3859835966
3859800214
3859775828
3859553826
3859432667
3856672047
3855413733
3855065427
3854868903
3854828360
3854605874
3854549534
3854517039
3854495485
3854475326
3854406428
3854280944
3854135783
3854107599
3853377217
3853332720
3853279149
3879051860
3878988459
3878964493
3878933951
3878903332
3878875179
3878861862
3878823822
3878778576
3878774831
3878754038
3878727863
3878725453
3878723592
3878705255
3878704488
3878689180
3878680311
3878687964
3878679060
3878710527
3878669575
3878683956
3878666342
3878639877
3878629050
3878632700
3877450307
3876872216
3876818397
3876770149
3876764516
3876734091
3876717774
3876687746
3876683923
3876649975
3874570347
3874601906
3874601316
3874585328
3874559591
3874583119
3874557446
3874573857
3874571599
3874519836
3873723645
3873664134
3873594060
3873440027
3873184267
3873133591
3873069540
3873055727
3873015675
3872983779
3872898611
3872895360
3872816095
3872778408
3872772775
3872716880
3872710493
3872648843
3872655335
3872628666
3872618836
3872640922
3872027421
3872013068
3871939325
3871912669
3871746936
3871755881
3871727996
3871734463
3871725366
3871716692
3871696457
3870626814
3870600168
3870604507
3870584541
3870590757
3870549803
3870571793
3870563697
3870570779
3870529165
3870560539
3870527003
3870535142
3870516388
3870506037
3870496259
3870492533
3870463986
3870426701
3870389761
3879051860
3879024331
3878987032
3878939274
3877389794
3877377872
3877048216
3876994912
3876963898
3876915981
3876293607
3876232782
3876211007
3876043668
3875927591
3875911777
3875863254
3875765788
3875705488
3875690526
3875623980
3875354775
3875345492
3875308677
3875312489
3875003052
3874046959
3871966774
3871710621
3871645881
3871592367
3871367434
3871294684
3871181381
3870951675
3870806109
3870757481
3870737478
3870084362
3870028863
3870007592
3869987778
3869290773
3869158125
3868731939
3868143698
3867510472
3867336685
3867089371
3867087253
3866138775
3866130598
3866057758
3866024600
3865975336
3865960684
3865247405
3863672754
3863643838
3863622180
3863463652
3863429656
3863428154
3863422913
3863402186
3862919230
3862144518
3862093449
3861552305
3861530837
3861467981
3861335449
3861161100
3861089591
3861053333
3860861397
3860299613
3860106100
3859835966
3859800214
3859775828
3859553826
3859432667
3856672047
3855413733
3855065427
3854868903
3854828360
3854605874
3854549534
3854517039
3854495485
3854475326
3854406428
3854280944
3854135783
3854107599
3853377217
3853332720
3853279149
3879051860
3878988459
3878964493
3878933951
3878903332
3878875179
3878861862
3878823822
3878778576
3878774831
3878754038
3878727863
3878725453
3878723592
3878705255
3878704488
3878689180
3878680311
3878687964
3878679060
3878710527
3878669575
3878683956
3878666342
3878639877
3878629050
3878632700
3877450307
3876872216
3876818397
3876770149
3876764516
3876734091
3876717774
3876687746
3876683923
3876649975
3874570347
3874601906
3874601316
3874585328
3874559591
3874583119
3874557446
3874573857
3874571599
3874519836
3873723645
3873664134
3873594060
3873440027
3873184267
3873133591
3873069540
3873055727
3873015675
3872983779
3872898611
3872895360
3872816095
3872778408
3872772775
3872716880
3872710493
3872648843
3872655335
3872628666
3872618836
3872640922
3872027421
3872013068
3871939325
3871912669
3871746936
3871755881
3871727996
3871734463
3871725366
3871716692
3871696457
3870626814
3870600168
3870604507
3870584541
3870590757
3870549803
3870571793
3870563697
3870570779
3870529165
3870560539
3870527003
3870535142
3870516388
3870506037
3870496259
3870492533
3870463986
3870426701
3870389761
3879051860
3879024331
3878987032
3878939274
3877389794
3877377872
3877048216
3876994912
3876963898
3876915981
3876293607
3876232782
3876211007
3876043668
3875927591
3875911777
3875863254
3875765788
3875705488
3875690526
3875623980
3875354775
3875345492
3875308677
3875312489
3875003052
3874046959
3871966774
3871710621
3871645881
3871592367
3871367434
3871294684
3871181381
3870951675
3870806109
3870757481
3870737478
3870084362
3870028863
3870007592
3869987778
3869290773
3869158125
3868731939
3868143698
3867510472
3867336685
3867089371
3867087253
3866138775
3866130598
3866057758
3866024600
3865975336
3865960684
3865247405
3863672754
3863643838
3863622180
3863463652
3863429656
3863428154
3863422913
3863402186
3862919230
3862144518
3862093449
3861552305
3861530837
3861467981
3861335449
3861161100
3861089591
3861053333
3860861397
3860299613
3860106100
3859835966
3859800214
3859775828
3859553826
3859432667
3856672047
3855413733
3855065427
3854868903
3854828360
3854605874
3854549534
3854517039
3854495485
3854475326
3854406428
3854280944
3854135783
3854107599
3853377217
3853332720
3853279149
3879051860
3878988459
3878964493
3878933951
3878903332
3878875179
3878861862
3878823822
3878778576
3878774831
3878754038
3878727863
3878725453
3878723592
3878705255
3878704488
3878689180
3878680311
3878687964
3878679060
3878710527
3878669575
3878683956
3878666342
3878639877
3878629050
3878632700
3877450307
3876872216
3876818397
3876770149
3876764516
3876734091
3876717774
3876687746
3876683923
3876649975
3874570347
3874601906
3874601316
3874585328
3874559591
3874583119
3874557446
3874573857
3874571599
3874519836
3873723645
3873664134
3873594060
3873440027
3873184267
3873133591
3873069540
3873055727
3873015675
3872983779
3872898611
3872895360
3872816095
3872778408
3872772775
3872716880
3872710493
3872648843
3872655335
3872628666
3872618836
3872640922
3872027421
3872013068
3871939325
3871912669
3871746936
3871755881
3871727996
3871734463
3871725366
3871716692
3871696457
3870626814
3870600168
3870604507
3870584541
3870590757
3870549803
3870571793
3870563697
3870570779
3870529165
3870560539
3870527003
3870535142
3870516388
3870506037
3870496259
3870492533
3870463986
3870426701
3870389761
3879051860
3879024331
3878987032
3878939274
3877389794
3877377872
3877048216
3876994912
3876963898
3876915981
3876293607
3876232782
3876211007
3876043668
3875927591
3875911777
3875863254
3875765788
3875705488
3875690526
3875623980
3875354775
3875345492
3875308677
3875312489
3875003052
3874046959
3871966774
3871710621
3871645881
3871592367
3871367434
3871294684
3871181381
3870951675
3870806109
3870757481
3870737478
3870084362
3870028863
3870007592
3869987778
3869290773
3869158125
3868731939
3868143698
3867510472
3867336685
3867089371
3867087253
3866138775
3866130598
3866057758
3866024600
3865975336
3865960684
3865247405
3863672754
3863643838
3863622180
3863463652
3863429656
3863428154
3863422913
3863402186
3862919230
3862144518
3862093449
3861552305
3861530837
3861467981
3861335449
3861161100
3861089591
3861053333
3860861397
3860299613
3860106100
3859835966
3859800214
3859775828
3859553826
3859432667
3856672047
3855413733
3855065427
3854868903
3854828360
3854605874
3854549534
3854517039
3854495485
3854475326
3854406428
3854280944
3854135783
3854107599
3853377217
3853332720
3853279149
3879051860
3878988459
3878964493
3878933951
3878903332
3878875179
3878861862
3878823822
3878778576
3878774831
3878754038
3878727863
3878725453
3878723592
3878705255
3878704488
3878689180
3878680311
3878687964
3878679060
3878710527
3878669575
3878683956
3878666342
3878639877
3878629050
3878632700
3877450307
3876872216
3876818397
3876770149
3876764516
3876734091
3876717774
3876687746
3876683923
3876649975
3874570347
3874601906
3874601316
3874585328
3874559591
3874583119
3874557446
3874573857
3874571599
3874519836
3873723645
3873664134
3873594060
3873440027
3873184267
3873133591
3873069540
3873055727
3873015675
3872983779
3872898611
3872895360
3872816095
3872778408
3872772775
3872716880
3872710493
3872648843
3872655335
3872628666
3872618836
3872640922
3872027421
3872013068
3871939325
3871912669
3871746936
3871755881
3871727996
3871734463
3871725366
3871716692
3871696457
3870626814
3870600168
3870604507
3870584541
3870590757
3870549803
3870571793
3870563697
3870570779
3870529165
3870560539
3870527003
3870535142
3870516388
3870506037
3870496259
3870492533
3870463986
3870426701
3870389761
3879051860
3879024331
3878987032
3878939274
3877389794
3877377872
3877048216
3876994912
3876963898
3876915981
3876293607
3876232782
3876211007
3876043668
3875927591
3875911777
3875863254
3875765788
3875705488
3875690526
3875623980
3875354775
3875345492
3875308677
3875312489
3875003052
3874046959
3871966774
3871710621
3871645881
3871592367
3871367434
3871294684
3871181381
3870951675
3870806109
3870757481
3870737478
3870084362
3870028863
3870007592
3869987778
3869290773
3869158125
3868731939
3868143698
3867510472
3867336685
3867089371
3867087253
3866138775
3866130598
3866057758
3866024600
3865975336
3865960684
3865247405
3863672754
3863643838
3863622180
3863463652
3863429656
3863428154
3863422913
3863402186
3862919230
3862144518
3862093449
3861552305
3861530837
3861467981
3861335449
3861161100
3861089591
3861053333
3860861397
3860299613
3860106100
3859835966
3859800214
3859775828
3859553826
3859432667
3856672047
3855413733
3855065427
3854868903
3854828360
3854605874
3854549534
3854517039
3854495485
3854475326
3854406428
3854280944
3854135783
3854107599
3853377217
3853332720
3853279149
3879051860
3878988459
3878964493
3878933951
3878903332
3878875179
3878861862
3878823822
3878778576
3878774831
3878754038
3878727863
3878725453
3878723592
3878705255
3878704488
3878689180
3878680311
3878687964
3878679060
3878710527
3878669575
3878683956
3878666342
3878639877
3878629050
3878632700
3877450307
3876872216
3876818397
3876770149
3876764516
3876734091
3876717774
3876687746
3876683923
3876649975
3874570347
3874601906
3874601316
3874585328
3874559591
3874583119
3874557446
3874573857
3874571599
3874519836
3873723645
3873664134
3873594060
3873440027
3873184267
3873133591
3873069540
3873055727
3873015675
3872983779
3872898611
3872895360
3872816095
3872778408
3872772775
3872716880
3872710493
3872648843
3872655335
3872628666
3872618836
3872640922
3872027421
3872013068
3871939325
3871912669
3871746936
3871755881
3871727996
3871734463
3871725366
3871716692
3871696457
3870626814
3870600168
3870604507
3870584541
3870590757
3870549803
3870571793
3870563697
3870570779
3870529165
3870560539
3870527003
3870535142
3870516388
3870506037
3870496259
3870492533
3870463986
3870426701
3870389761
3879051860
3879024331
3878987032
3878939274
3877389794
3877377872
3877048216
3876994912
3876963898
3876915981
3876293607
3876232782
3876211007
3876043668
3875927591
3875911777
3875863254
3875765788
3875705488
3875690526
3875623980
3875354775
3875345492
3875308677
3875312489
3875003052
3874046959
3871966774
3871710621
3871645881
3871592367
3871367434
3871294684
3871181381
3870951675
3870806109
3870757481
3870737478
3870084362
3870028863
3870007592
3869987778
3869290773
3869158125
3868731939
3868143698
3867510472
3867336685
3867089371
3867087253
3866138775
3866130598
3866057758
3866024600
3865975336
3865960684
3865247405
3863672754
3863643838
3863622180
3863463652
3863429656
3863428154
3863422913
3863402186
3862919230
3862144518
3862093449
3861552305
3861530837
3861467981
3861335449
3861161100
3861089591
3861053333
3860861397
3860299613
3860106100
3859835966
3859800214
3859775828
3859553826
3859432667
3856672047
3855413733
3855065427
3854868903
3854828360
3854605874
3854549534
3854517039
3854495485
3854475326
3854406428
3854280944
3854135783
3854107599
3853377217
3853332720
3853279149
3879051860
3878988459
3878964493
3878933951
3878903332
3878875179
3878861862
3878823822
3878778576
3878774831
3878754038
3878727863
3878725453
3878723592
3878705255
3878704488
3878689180
3878680311
3878687964
3878679060
3878710527
3878669575
3878683956
3878666342
3878639877
3878629050
3878632700
3877450307
3876872216
3876818397
3876770149
3876764516
3876734091
3876717774
3876687746
3876683923
3876649975
3874570347
3874601906
3874601316
3874585328
3874559591
3874583119
3874557446
3874573857
3874571599
3874519836
3873723645
3873664134
3873594060
3873440027
3873184267
3873133591
3873069540
3873055727
3873015675
3872983779
3872898611
3872895360
3872816095
3872778408
3872772775
3872716880
3872710493
3872648843
3872655335
3872628666
3872618836
3872640922
3872027421
3872013068
3871939325
3871912669
3871746936
3871755881
3871727996
3871734463
3871725366
3871716692
3871696457
3870626814
3870600168
3870604507
3870584541
3870590757
3870549803
3870571793
3870563697
3870570779
3870529165
3870560539
3870527003
3870535142
3870516388
3870506037
3870496259
3870492533
3870463986
3870426701
3870389761
