3878977438
3878944404
3878905237
3878891086
3878846014
3878808841
3877538111
3877527128
3877507491
3877487893
3877486139
3877484799
3877475640
3877491670
3877458618
3877457375
3876550151
3876529272
3876532852
3876479679
3876482114
3876444945
3876420486
3875357530
3875381368
3875362115
3875319759
3875308095
3875269619
3875281969
3875227254
3875167650
3875118614
3875101934
3875019328
3875021719
3874956112
3874918190
3874576572
3874548534
3874560807
3874526873
3874512747
3874484142
3874444690
3874413256
3874377845
3874373810
3874335888
3873764290
3873717963
3873667194
3873670518
3873497537
3873394895
3873312001
3873198292
3873181927
3873152642
3873104961
3873080746
3872967304
3872502438
3872439897
3872431345
3872349650
3872309843
3872301258
3872244911
3872169328
3871734994
3871700250
3871730901
3871660412
3871647846
3871596846
3871516956
3871368563
3871360681
3871186497
3870930481
3870858830
3870819893
3870779545
3870536945
3870526272
3870541933
3870506753
3870511695
3869499921
3868002637
3867802571
3867776188
3867773360
3867751494
3867704580
3867640240
3867605500
3867558045
3867534495
3879045186
3878999191
3878977438
3878963039
3878914289
3878849701
3878838369
3877129794
3877123788
3877092670
3876315670
3876283114
3876260824
3875864670
3875802314
3875734509
3875655954
3875623326
3873599449
3873594939
3873541439
3873399606
3873337543
3873210299
3873182676
3873104961
3873047895
3873025455
3872977052
3872581114
3872538039
3872551143
3872504478
3872458868
3872419791
3872349650
3872309843
3872100584
3872044524
3872007679
3871975155
3871951345
3871913826
3871684604
3871647846
3871578173
3871571693
3871368563
3871381347
3871199489
3871193435
3871106480
3870887531
3870856253
3870809661
3870741951
3869913221
3869843563
3869816389
3869654108
3869564147
3869499921
3869314820
3869304576
3868657831
3868639601
3868520205
3868498749
3868468112
3868429882
3867859830
3867485863
3867444848
3867306807
3867277655
3867263193
3867226600
3867189190
3867142504
3867115997
3867042037
3867024791
3866977767
3866956385
3866827748
3866720221
3866048475
3865798990
3865584313
3865560555
3865420299
3865083464
3864824256
3864631212
3864582828
3864562673
3864483765
3864347802
3864139624
3863984844
3879045186
3879021851
3878983783
3878942384
3878921522
3878849701
3878838369
3877857571
3877852345
3876766341
3876706670
3876702390
3875453805
3875418575
3874828270
3874334750
3874315442
3874310517
3874232117
3872884201
3872835938
3872821208
3872774849
3871917394
3868654531
3868652623
3868036339
3867904071
3867878074
3867868182
3867873961
3867668384
3867628440
3867603171
3867575744
3867534495
3867079270
3865347864
3865082214
3864807456
3864541139
3864456132
3864220965
3863737876
3863550009
3863547870
3863385612
3863352010
3863288271
3863206604
3862804122
3862785864
3862783549
3862547712
3862466004
3861911205
3861719140
3861707039
3861472428
3861344062
3861286005
3861229001
3861035462
3860842062
3860833406
3860179614
3860109651
3859987382
3859960455
3858774320
3858731234
3858676495
3858661585
3858599021
3857848447
3857782591
3854135017
3854105034
3854062672
3854046305
3852550304
3852563646
3847692317
3847042681
3846997903
3845293286
3845250100
3845243802
3833327533
3833310557
3833284040
3833001958
3832971297
3831327664
3830521322
3828569176
3828507999
3828451858
3828383573
3825680267
3879045186
3879031784
3878897991
3878877076
3878826773
3878820950
3878790917
3878764797
3878460643
3878340167
3878223867
3878116301
3878064692
3877686792
3877664348
3877643067
3877567979
3877571839
3877561027
3877517708
3877487893
3877478315
3877274288
3876843100
3876769635
3876737008
3876723357
3876415531
3876370048
3876276509
3876218470
3876211394
3876107950
3876086430
3875988033
3875734509
3875071423
3875011096
3874982103
3874800284
3874777722
3874746833
3874724452
3874690889
3874646892
3874480110
3874457647
3874200539
3874133714
3874120919
3873964588
3872977052
3872778655
3871887208
3871858162
3871860727
3871841339
3871766813
3871487789
3871385895
3870809866
3870776606
3870755164
3870626693
3870622919
3870577548
3870592007
3870439083
3870407677
3870364846
3870129726
3869989607
3869959323
3869936033
3869816842
3869813146
3869778157
3869318596
3869106478
3868799106
3868700631
3868664527
3868644090
3868560696
3868524167
3868440058
3868386100
3868350981
3868287808
3868118873
3868095233
3867915097
3867858390
3867864974
3867707188
3867694816
3867648627
3867103470
3867093672
3866802452
3879045186
3879021851
3878983783
3878942384
3878921522
3878849701
3878838369
3877857571
3877852345
3876766341
3876706670
3876702390
3875453805
3875418575
3874828270
3874334750
3874315442
3874310517
3874232117
3872884201
3872835938
3872821208
3872774849
3871917394
3868654531
3868652623
3868036339
3867904071
3867878074
3867868182
3867873961
3867668384
3867628440
3867603171
3867575744
3867534495
3867079270
3865347864
3865082214
3864807456
3864541139
3864456132
3864220965
3863737876
3863550009
3863547870
3863385612
3863352010
3863288271
3863206604
3862804122
3862785864
3862783549
3862547712
3862466004
3861911205
3861719140
3861707039
3861472428
3861344062
3861286005
3861229001
3861035462
3860842062
3860833406
3860179614
3860109651
3859987382
3859960455
3858774320
3858731234
3858676495
3858661585
3858599021
3857848447
3857782591
3854135017
3854105034
3854062672
3854046305
3852550304
3852563646
3847692317
3847042681
3846997903
3845293286
3845250100
3845243802
3833327533
3833310557
3833284040
3833001958
3832971297
3831327664
3830521322
3828569176
3828507999
3828451858
3828383573
3825680267
3879045186
3879031784
3878897991
3878877076
3878826773
3878820950
3878790917
3878764797
3878460643
3878340167
3878223867
3878116301
3878064692
3877686792
3877664348
3877643067
3877567979
3877571839
3877561027
3877517708
3877487893
3877478315
3877274288
3876843100
3876769635
3876737008
3876723357
3876415531
3876370048
3876276509
3876218470
3876211394
3876107950
3876086430
3875988033
3875734509
3875071423
3875011096
3874982103
3874800284
3874777722
3874746833
3874724452
3874690889
3874646892
3874480110
3874457647
3874200539
3874133714
3874120919
3873964588
3872977052
3872778655
3871887208
3871858162
3871860727
3871841339
3871766813
3871487789
3871385895
3870809866
3870776606
3870755164
3870626693
3870622919
3870577548
3870592007
3870439083
3870407677
3870364846
3870129726
3869989607
3869959323
3869936033
3869816842
3869813146
3869778157
3869318596
3869106478
3868799106
3868700631
3868664527
3868644090
3868560696
3868524167
3868440058
3868386100
3868350981
3868287808
3868118873
3868095233
3867915097
3867858390
3867864974
3867707188
3867694816
3867648627
3867103470
3867093672
3866802452
3879045186
3879021851
3878983783
3878942384
3878921522
3878849701
3878838369
3877857571
3877852345
3876766341
3876706670
3876702390
3875453805
3875418575
3874828270
3874334750
3874315442
3874310517
3874232117
3872884201
3872835938
3872821208
3872774849
3871917394
3868654531
3868652623
3868036339
3867904071
3867878074
3867868182
3867873961
3867668384
3867628440
3867603171
3867575744
3867534495
3867079270
3865347864
3865082214
3864807456
3864541139
3864456132
3864220965
3863737876
3863550009
3863547870
3863385612
3863352010
3863288271
3863206604
3862804122
3862785864
3862783549
3862547712
3862466004
3861911205
3861719140
3861707039
3861472428
3861344062
3861286005
3861229001
3861035462
3860842062
3860833406
3860179614
3860109651
3859987382
3859960455
3858774320
3858731234
3858676495
3858661585
3858599021
3857848447
3857782591
3854135017
3854105034
3854062672
3854046305
3852550304
3852563646
3847692317
3847042681
3846997903
3845293286
3845250100
3845243802
3833327533
3833310557
3833284040
3833001958
3832971297
3831327664
3830521322
3828569176
3828507999
3828451858
3828383573
3825680267
3879045186
3879031784
3878897991
3878877076
3878826773
3878820950
3878790917
3878764797
3878460643
3878340167
3878223867
3878116301
3878064692
3877686792
3877664348
3877643067
3877567979
3877571839
3877561027
3877517708
3877487893
3877478315
3877274288
3876843100
3876769635
3876737008
3876723357
3876415531
3876370048
3876276509
3876218470
3876211394
3876107950
3876086430
3875988033
3875734509
3875071423
3875011096
3874982103
3874800284
3874777722
3874746833
3874724452
3874690889
3874646892
3874480110
3874457647
3874200539
3874133714
3874120919
3873964588
3872977052
3872778655
3871887208
3871858162
3871860727
3871841339
3871766813
3871487789
3871385895
3870809866
3870776606
3870755164
3870626693
3870622919
3870577548
3870592007
3870439083
3870407677
3870364846
3870129726
3869989607
3869959323
3869936033
3869816842
3869813146
3869778157
3869318596
3869106478
3868799106
3868700631
3868664527
3868644090
3868560696
3868524167
3868440058
3868386100
3868350981
3868287808
3868118873
3868095233
3867915097
3867858390
3867864974
3867707188
3867694816
3867648627
3867103470
3867093672
3866802452
3879045186
3879021851
3878983783
3878942384
3878921522
3878849701
3878838369
3877857571
3877852345
3876766341
3876706670
3876702390
3875453805
3875418575
3874828270
3874334750
3874315442
3874310517
3874232117
3872884201
3872835938
3872821208
3872774849
3871917394
3868654531
3868652623
3868036339
3867904071
3867878074
3867868182
3867873961
3867668384
3867628440
3867603171
3867575744
3867534495
3867079270
3865347864
3865082214
3864807456
3864541139
3864456132
3864220965
3863737876
3863550009
3863547870
3863385612
3863352010
3863288271
3863206604
3862804122
3862785864
3862783549
3862547712
3862466004
3861911205
3861719140
3861707039
3861472428
3861344062
3861286005
3861229001
3861035462
3860842062
3860833406
3860179614
3860109651
3859987382
3859960455
3858774320
3858731234
3858676495
3858661585
3858599021
3857848447
3857782591
3854135017
3854105034
3854062672
3854046305
3852550304
3852563646
3847692317
3847042681
3846997903
3845293286
3845250100
3845243802
3833327533
3833310557
3833284040
3833001958
3832971297
3831327664
3830521322
3828569176
3828507999
3828451858
3828383573
3825680267
3879045186
3879031784
3878897991
3878877076
3878826773
3878820950
3878790917
3878764797
3878460643
3878340167
3878223867
3878116301
3878064692
3877686792
3877664348
3877643067
3877567979
3877571839
3877561027
3877517708
3877487893
3877478315
3877274288
3876843100
3876769635
3876737008
3876723357
3876415531
3876370048
3876276509
3876218470
3876211394
3876107950
3876086430
3875988033
3875734509
3875071423
3875011096
3874982103
3874800284
3874777722
3874746833
3874724452
3874690889
3874646892
3874480110
3874457647
3874200539
3874133714
3874120919
3873964588
3872977052
3872778655
3871887208
3871858162
3871860727
3871841339
3871766813
3871487789
3871385895
3870809866
3870776606
3870755164
3870626693
3870622919
3870577548
3870592007
3870439083
3870407677
3870364846
3870129726
3869989607
3869959323
3869936033
3869816842
3869813146
3869778157
3869318596
3869106478
3868799106
3868700631
3868664527
3868644090
3868560696
3868524167
3868440058
3868386100
3868350981
3868287808
3868118873
3868095233
3867915097
3867858390
3867864974
3867707188
3867694816
3867648627
3867103470
3867093672
3866802452
3879045186
3879021851
3878983783
3878942384
3878921522
3878849701
3878838369
3877857571
3877852345
3876766341
3876706670
3876702390
3875453805
3875418575
3874828270
3874334750
3874315442
3874310517
3874232117
3872884201
3872835938
3872821208
3872774849
3871917394
3868654531
3868652623
3868036339
3867904071
3867878074
3867868182
3867873961
3867668384
3867628440
3867603171
3867575744
3867534495
3867079270
3865347864
3865082214
3864807456
3864541139
3864456132
3864220965
3863737876
3863550009
3863547870
3863385612
3863352010
3863288271
3863206604
3862804122
3862785864
3862783549
3862547712
3862466004
3861911205
3861719140
3861707039
3861472428
3861344062
3861286005
3861229001
3861035462
3860842062
3860833406
3860179614
3860109651
3859987382
3859960455
3858774320
3858731234
3858676495
3858661585
3858599021
3857848447
3857782591
3854135017
3854105034
3854062672
3854046305
3852550304
3852563646
3847692317
3847042681
3846997903
3845293286
3845250100
3845243802
3833327533
3833310557
3833284040
3833001958
3832971297
3831327664
3830521322
3828569176
3828507999
3828451858
3828383573
3825680267
3879045186
3879031784
3878897991
3878877076
3878826773
3878820950
3878790917
3878764797
3878460643
3878340167
3878223867
3878116301
3878064692
3877686792
3877664348
3877643067
3877567979
3877571839
3877561027
3877517708
3877487893
3877478315
3877274288
3876843100
3876769635
3876737008
3876723357
3876415531
3876370048
3876276509
3876218470
3876211394
3876107950
3876086430
3875988033
3875734509
3875071423
3875011096
3874982103
3874800284
3874777722
3874746833
3874724452
3874690889
3874646892
3874480110
3874457647
3874200539
3874133714
3874120919
3873964588
3872977052
3872778655
3871887208
3871858162
3871860727
3871841339
3871766813
3871487789
3871385895
3870809866
3870776606
3870755164
3870626693
3870622919
3870577548
3870592007
3870439083
3870407677
3870364846
3870129726
3869989607
3869959323
3869936033
3869816842
3869813146
3869778157
3869318596
3869106478
3868799106
3868700631
3868664527
3868644090
3868560696
3868524167
3868440058
3868386100
3868350981
3868287808
3868118873
3868095233
3867915097
3867858390
3867864974
3867707188
3867694816
3867648627
3867103470
3867093672
3866802452
3879045186
3879021851
3878983783
3878942384
3878921522
3878849701
3878838369
3877857571
3877852345
3876766341
3876706670
3876702390
3875453805
3875418575
3874828270
3874334750
3874315442
3874310517
3874232117
3872884201
3872835938
3872821208
3872774849
3871917394
3868654531
3868652623
3868036339
3867904071
3867878074
3867868182
3867873961
3867668384
3867628440
3867603171
3867575744
3867534495
3867079270
3865347864
3865082214
3864807456
3864541139
3864456132
3864220965
3863737876
3863550009
3863547870
3863385612
3863352010
3863288271
3863206604
3862804122
3862785864
3862783549
3862547712
3862466004
3861911205
3861719140
3861707039
3861472428
3861344062
3861286005
3861229001
3861035462
3860842062
3860833406
3860179614
3860109651
3859987382
3859960455
3858774320
3858731234
3858676495
3858661585
3858599021
3857848447
3857782591
3854135017
3854105034
3854062672
3854046305
3852550304
3852563646
3847692317
3847042681
3846997903
3845293286
3845250100
3845243802
3833327533
3833310557
3833284040
3833001958
3832971297
3831327664
3830521322
3828569176
3828507999
3828451858
3828383573
3825680267
3879045186
3879031784
3878897991
3878877076
3878826773
3878820950
3878790917
3878764797
3878460643
3878340167
3878223867
3878116301
3878064692
3877686792
3877664348
3877643067
3877567979
3877571839
3877561027
3877517708
3877487893
3877478315
3877274288
3876843100
3876769635
3876737008
3876723357
3876415531
3876370048
3876276509
3876218470
3876211394
3876107950
3876086430
3875988033
3875734509
3875071423
3875011096
3874982103
3874800284
3874777722
3874746833
3874724452
3874690889
3874646892
3874480110
3874457647
3874200539
3874133714
3874120919
3873964588
3872977052
3872778655
3871887208
3871858162
3871860727
3871841339
3871766813
3871487789
3871385895
3870809866
3870776606
3870755164
3870626693
3870622919
3870577548
3870592007
3870439083
3870407677
3870364846
3870129726
3869989607
3869959323
3869936033
3869816842
3869813146
3869778157
3869318596
3869106478
3868799106
3868700631
3868664527
3868644090
3868560696
3868524167
3868440058
3868386100
3868350981
3868287808
3868118873
3868095233
3867915097
3867858390
3867864974
3867707188
3867694816
3867648627
3867103470
3867093672
3866802452
3879045186
3879021851
3878983783
3878942384
3878921522
3878849701
3878838369
3877857571
3877852345
3876766341
3876706670
3876702390
3875453805
3875418575
3874828270
3874334750
3874315442
3874310517
3874232117
3872884201
3872835938
3872821208
3872774849
3871917394
3868654531
3868652623
3868036339
3867904071
3867878074
3867868182
3867873961
3867668384
3867628440
3867603171
3867575744
3867534495
3867079270
3865347864
3865082214
3864807456
3864541139
3864456132
3864220965
3863737876
3863550009
3863547870
3863385612
3863352010
3863288271
3863206604
3862804122
3862785864
3862783549
3862547712
3862466004
3861911205
3861719140
3861707039
3861472428
3861344062
3861286005
3861229001
3861035462
3860842062
3860833406
3860179614
3860109651
3859987382
3859960455
3858774320
3858731234
3858676495
3858661585
3858599021
3857848447
3857782591
3854135017
3854105034
3854062672
3854046305
3852550304
3852563646
3847692317
3847042681
3846997903
3845293286
3845250100
3845243802
3833327533
3833310557
3833284040
3833001958
3832971297
3831327664
3830521322
3828569176
3828507999
3828451858
3828383573
3825680267
3879045186
3879031784
3878897991
3878877076
3878826773
3878820950
3878790917
3878764797
3878460643
3878340167
3878223867
3878116301
3878064692
3877686792
3877664348
3877643067
3877567979
3877571839
3877561027
3877517708
3877487893
3877478315
3877274288
3876843100
3876769635
3876737008
3876723357
3876415531
3876370048
3876276509
3876218470
3876211394
3876107950
3876086430
3875988033
3875734509
3875071423
3875011096
3874982103
3874800284
3874777722
3874746833
3874724452
3874690889
3874646892
3874480110
3874457647
3874200539
3874133714
3874120919
3873964588
3872977052
3872778655
3871887208
3871858162
3871860727
3871841339
3871766813
3871487789
3871385895
3870809866
3870776606
3870755164
3870626693
3870622919
3870577548
3870592007
3870439083
3870407677
3870364846
3870129726
3869989607
3869959323
3869936033
3869816842
3869813146
3869778157
3869318596
3869106478
3868799106
3868700631
3868664527
3868644090
3868560696
3868524167
3868440058
3868386100
3868350981
3868287808
3868118873
3868095233
3867915097
3867858390
3867864974
3867707188
3867694816
3867648627
3867103470
3867093672
3866802452
3879045186
3879021851
3878983783
3878942384
3878921522
3878849701
3878838369
3877857571
3877852345
3876766341
3876706670
3876702390
3875453805
3875418575
3874828270
3874334750
3874315442
3874310517
3874232117
3872884201
3872835938
3872821208
3872774849
3871917394
3868654531
3868652623
3868036339
3867904071
3867878074
3867868182
3867873961
3867668384
3867628440
3867603171
3867575744
3867534495
3867079270
3865347864
3865082214
3864807456
3864541139
3864456132
3864220965
3863737876
3863550009
3863547870
3863385612
3863352010
3863288271
3863206604
3862804122
3862785864
3862783549
3862547712
3862466004
3861911205
3861719140
3861707039
3861472428
3861344062
3861286005
3861229001
3861035462
3860842062
3860833406
3860179614
3860109651
3859987382
3859960455
3858774320
3858731234
3858676495
3858661585
3858599021
3857848447
3857782591
3854135017
3854105034
3854062672
3854046305
3852550304
3852563646
3847692317
3847042681
3846997903
3845293286
3845250100
3845243802
3833327533
3833310557
3833284040
3833001958
3832971297
3831327664
3830521322
3828569176
3828507999
3828451858
3828383573
3825680267
3879045186
3879031784
3878897991
3878877076
3878826773
3878820950
3878790917
3878764797
3878460643
3878340167
3878223867
3878116301
3878064692
3877686792
3877664348
3877643067
3877567979
3877571839
3877561027
3877517708
3877487893
3877478315
3877274288
3876843100
3876769635
3876737008
3876723357
3876415531
3876370048
3876276509
3876218470
3876211394
3876107950
3876086430
3875988033
3875734509
3875071423
3875011096
3874982103
3874800284
3874777722
3874746833
3874724452
3874690889
3874646892
3874480110
3874457647
3874200539
3874133714
3874120919
3873964588
3872977052
3872778655
3871887208
3871858162
3871860727
3871841339
3871766813
3871487789
3871385895
3870809866
3870776606
3870755164
3870626693
3870622919
3870577548
3870592007
3870439083
3870407677
3870364846
3870129726
3869989607
3869959323
3869936033
3869816842
3869813146
3869778157
3869318596
3869106478
3868799106
3868700631
3868664527
3868644090
3868560696
3868524167
3868440058
3868386100
3868350981
3868287808
3868118873
3868095233
3867915097
3867858390
3867864974
3867707188
3867694816
3867648627
3867103470
3867093672
3866802452
3879045186
3879021851
3878983783
3878942384
3878921522
3878849701
3878838369
3877857571
3877852345
3876766341
3876706670
3876702390
3875453805
3875418575
3874828270
3874334750
3874315442
3874310517
3874232117
3872884201
3872835938
3872821208
3872774849
3871917394
3868654531
3868652623
3868036339
3867904071
3867878074
3867868182
3867873961
3867668384
3867628440
3867603171
3867575744
3867534495
3867079270
3865347864
3865082214
3864807456
3864541139
3864456132
3864220965
3863737876
3863550009
3863547870
3863385612
3863352010
3863288271
3863206604
3862804122
3862785864
3862783549
3862547712
3862466004
3861911205
3861719140
3861707039
3861472428
3861344062
3861286005
3861229001
3861035462
3860842062
3860833406
3860179614
3860109651
3859987382
3859960455
3858774320
3858731234
3858676495
3858661585
3858599021
3857848447
3857782591
3854135017
3854105034
3854062672
3854046305
3852550304
3852563646
3847692317
3847042681
3846997903
3845293286
3845250100
3845243802
3833327533
3833310557
3833284040
3833001958
3832971297
3831327664
3830521322
3828569176
3828507999
3828451858
3828383573
3825680267
3879045186
3879031784
3878897991
3878877076
3878826773
3878820950
3878790917
3878764797
3878460643
3878340167
3878223867
3878116301
3878064692
3877686792
3877664348
3877643067
3877567979
3877571839
3877561027
3877517708
3877487893
3877478315
3877274288
3876843100
3876769635
3876737008
3876723357
3876415531
3876370048
3876276509
3876218470
3876211394
3876107950
3876086430
3875988033
3875734509
3875071423
3875011096
3874982103
3874800284
3874777722
3874746833
3874724452
3874690889
3874646892
3874480110
3874457647
3874200539
3874133714
3874120919
3873964588
3872977052
3872778655
3871887208
3871858162
3871860727
3871841339
3871766813
3871487789
3871385895
3870809866
3870776606
3870755164
3870626693
3870622919
3870577548
3870592007
3870439083
3870407677
3870364846
3870129726
3869989607
3869959323
3869936033
3869816842
3869813146
3869778157
3869318596
3869106478
3868799106
3868700631
3868664527
3868644090
3868560696
3868524167
3868440058
3868386100
3868350981
3868287808
3868118873
3868095233
3867915097
3867858390
3867864974
3867707188
3867694816
3867648627
3867103470
3867093672
3866802452
3879045186
3879021851
3878983783
3878942384
3878921522
3878849701
3878838369
3877857571
3877852345
3876766341
3876706670
3876702390
3875453805
3875418575
3874828270
3874334750
3874315442
3874310517
3874232117
3872884201
3872835938
3872821208
3872774849
3871917394
3868654531
3868652623
3868036339
3867904071
3867878074
3867868182
3867873961
3867668384
3867628440
3867603171
3867575744
3867534495
3867079270
3865347864
3865082214
3864807456
3864541139
3864456132
3864220965
3863737876
3863550009
3863547870
3863385612
3863352010
3863288271
3863206604
3862804122
3862785864
3862783549
3862547712
3862466004
3861911205
3861719140
3861707039
3861472428
3861344062
3861286005
3861229001
3861035462
3860842062
3860833406
3860179614
3860109651
3859987382
3859960455
3858774320
3858731234
3858676495
3858661585
3858599021
3857848447
3857782591
3854135017
3854105034
3854062672
3854046305
3852550304
3852563646
3847692317
3847042681
3846997903
3845293286
3845250100
3845243802
3833327533
3833310557
3833284040
3833001958
3832971297
3831327664
3830521322
3828569176
3828507999
3828451858
3828383573
3825680267
3879045186
3879031784
3878897991
3878877076
3878826773
3878820950
3878790917
3878764797
3878460643
3878340167
3878223867
3878116301
3878064692
3877686792
3877664348
3877643067
3877567979
3877571839
3877561027
3877517708
3877487893
3877478315
3877274288
3876843100
3876769635
3876737008
3876723357
3876415531
3876370048
3876276509
3876218470
3876211394
3876107950
3876086430
3875988033
3875734509
3875071423
3875011096
3874982103
3874800284
3874777722
3874746833
3874724452
3874690889
3874646892
3874480110
3874457647
3874200539
3874133714
3874120919
3873964588
3872977052
3872778655
3871887208
3871858162
3871860727
3871841339
3871766813
3871487789
3871385895
3870809866
3870776606
3870755164
3870626693
3870622919
3870577548
3870592007
3870439083
3870407677
3870364846
3870129726
3869989607
3869959323
3869936033
3869816842
3869813146
3869778157
3869318596
3869106478
3868799106
3868700631
3868664527
3868644090
3868560696
3868524167
3868440058
3868386100
3868350981
3868287808
3868118873
3868095233
3867915097
3867858390
3867864974
3867707188
3867694816
3867648627
3867103470
3867093672
3866802452
3879045186
3879021851
3878983783
3878942384
3878921522
3878849701
3878838369
3877857571
3877852345
3876766341
3876706670
3876702390
3875453805
3875418575
3874828270
3874334750
3874315442
3874310517
3874232117
3872884201
3872835938
3872821208
3872774849
3871917394
3868654531
3868652623
3868036339
3867904071
3867878074
3867868182
3867873961
3867668384
3867628440
3867603171
3867575744
3867534495
3867079270
3865347864
3865082214
3864807456
3864541139
3864456132
3864220965
3863737876
3863550009
3863547870
3863385612
3863352010
3863288271
3863206604
3862804122
3862785864
3862783549
3862547712
3862466004
3861911205
3861719140
3861707039
3861472428
3861344062
3861286005
3861229001
3861035462
3860842062
3860833406
3860179614
3860109651
3859987382
3859960455
3858774320
3858731234
3858676495
3858661585
3858599021
3857848447
3857782591
3854135017
3854105034
3854062672
3854046305
3852550304
3852563646
3847692317
3847042681
3846997903
3845293286
3845250100
3845243802
3833327533
3833310557
3833284040
3833001958
3832971297
3831327664
3830521322
3828569176
3828507999
3828451858
3828383573
3825680267
3879045186
3879031784
3878897991
3878877076
3878826773
3878820950
3878790917
3878764797
3878460643
3878340167
3878223867
3878116301
3878064692
3877686792
3877664348
3877643067
3877567979
3877571839
3877561027
3877517708
3877487893
3877478315
3877274288
3876843100
3876769635
3876737008
3876723357
3876415531
3876370048
3876276509
3876218470
3876211394
3876107950
3876086430
3875988033
3875734509
3875071423
3875011096
3874982103
3874800284
3874777722
3874746833
3874724452
3874690889
3874646892
3874480110
3874457647
3874200539
3874133714
3874120919
3873964588
3872977052
3872778655
3871887208
3871858162
3871860727
3871841339
3871766813
3871487789
3871385895
3870809866
3870776606
3870755164
3870626693
3870622919
3870577548
3870592007
3870439083
3870407677
3870364846
3870129726
3869989607
3869959323
3869936033
3869816842
3869813146
3869778157
3869318596
3869106478
3868799106
3868700631
3868664527
3868644090
3868560696
3868524167
3868440058
3868386100
3868350981
3868287808
3868118873
3868095233
3867915097
3867858390
3867864974
3867707188
3867694816
3867648627
3867103470
3867093672
3866802452
3879045186
3879021851
3878983783
3878942384
3878921522
3878849701
3878838369
3877857571
3877852345
3876766341
3876706670
3876702390
3875453805
3875418575
3874828270
3874334750
3874315442
3874310517
3874232117
3872884201
3872835938
3872821208
3872774849
3871917394
3868654531
3868652623
3868036339
3867904071
3867878074
3867868182
3867873961
3867668384
3867628440
3867603171
3867575744
3867534495
3867079270
3865347864
3865082214
3864807456
3864541139
3864456132
3864220965
3863737876
3863550009
3863547870
3863385612
3863352010
3863288271
3863206604
3862804122
3862785864
3862783549
3862547712
3862466004
3861911205
3861719140
3861707039
3861472428
3861344062
3861286005
3861229001
3861035462
3860842062
3860833406
3860179614
3860109651
3859987382
3859960455
3858774320
3858731234
3858676495
3858661585
3858599021
3857848447
3857782591
3854135017
3854105034
3854062672
3854046305
3852550304
3852563646
3847692317
3847042681
3846997903
3845293286
3845250100
3845243802
3833327533
3833310557
3833284040
3833001958
3832971297
3831327664
3830521322
3828569176
3828507999
3828451858
3828383573
3825680267
3879045186
3879031784
3878897991
3878877076
3878826773
3878820950
3878790917
3878764797
3878460643
3878340167
3878223867
3878116301
3878064692
3877686792
3877664348
3877643067
3877567979
3877571839
3877561027
3877517708
3877487893
3877478315
3877274288
3876843100
3876769635
3876737008
3876723357
3876415531
3876370048
3876276509
3876218470
3876211394
3876107950
3876086430
3875988033
3875734509
3875071423
3875011096
3874982103
3874800284
3874777722
3874746833
3874724452
3874690889
3874646892
3874480110
3874457647
3874200539
3874133714
3874120919
3873964588
3872977052
3872778655
3871887208
3871858162
3871860727
3871841339
3871766813
3871487789
3871385895
3870809866
3870776606
3870755164
3870626693
3870622919
3870577548
3870592007
3870439083
3870407677
3870364846
3870129726
3869989607
3869959323
3869936033
3869816842
3869813146
3869778157
3869318596
3869106478
3868799106
3868700631
3868664527
3868644090
3868560696
3868524167
3868440058
3868386100
3868350981
3868287808
3868118873
3868095233
3867915097
3867858390
3867864974
3867707188
3867694816
3867648627
3867103470
3867093672
3866802452
3879045186
3879021851
3878983783
3878942384
3878921522
3878849701
3878838369
3877857571
3877852345
3876766341
3876706670
3876702390
3875453805
3875418575
3874828270
3874334750
3874315442
3874310517
3874232117
3872884201
3872835938
3872821208
3872774849
3871917394
3868654531
3868652623
3868036339
3867904071
3867878074
3867868182
3867873961
3867668384
3867628440
3867603171
3867575744
3867534495
3867079270
3865347864
3865082214
3864807456
3864541139
3864456132
3864220965
3863737876
3863550009
3863547870
3863385612
3863352010
3863288271
3863206604
3862804122
3862785864
3862783549
3862547712
3862466004
3861911205
3861719140
3861707039
3861472428
3861344062
3861286005
3861229001
3861035462
3860842062
3860833406
3860179614
3860109651
3859987382
3859960455
3858774320
3858731234
3858676495
3858661585
3858599021
3857848447
3857782591
3854135017
3854105034
3854062672
3854046305
3852550304
3852563646
3847692317
3847042681
3846997903
3845293286
3845250100
3845243802
3833327533
3833310557
3833284040
3833001958
3832971297
3831327664
3830521322
3828569176
3828507999
3828451858
3828383573
3825680267
3879045186
3879031784
3878897991
3878877076
3878826773
3878820950
3878790917
3878764797
3878460643
3878340167
3878223867
3878116301
3878064692
3877686792
3877664348
3877643067
3877567979
3877571839
3877561027
3877517708
3877487893
3877478315
3877274288
3876843100
3876769635
3876737008
3876723357
3876415531
3876370048
3876276509
3876218470
3876211394
3876107950
3876086430
3875988033
3875734509
3875071423
3875011096
3874982103
3874800284
3874777722
3874746833
3874724452
3874690889
3874646892
3874480110
3874457647
3874200539
3874133714
3874120919
3873964588
3872977052
3872778655
3871887208
3871858162
3871860727
3871841339
3871766813
3871487789
3871385895
3870809866
3870776606
3870755164
3870626693
3870622919
3870577548
3870592007
3870439083
3870407677
3870364846
3870129726
3869989607
3869959323
3869936033
3869816842
3869813146
3869778157
3869318596
3869106478
3868799106
3868700631
3868664527
3868644090
3868560696
3868524167
3868440058
3868386100
3868350981
3868287808
3868118873
3868095233
3867915097
3867858390
3867864974
3867707188
3867694816
3867648627
3867103470
3867093672
3866802452
3879045186
3879021851
3878983783
3878942384
3878921522
3878849701
3878838369
3877857571
3877852345
3876766341
3876706670
3876702390
3875453805
3875418575
3874828270
3874334750
3874315442
3874310517
3874232117
3872884201
3872835938
3872821208
3872774849
3871917394
3868654531
3868652623
3868036339
3867904071
3867878074
3867868182
3867873961
3867668384
3867628440
3867603171
3867575744
3867534495
3867079270
3865347864
3865082214
3864807456
3864541139
3864456132
3864220965
3863737876
3863550009
3863547870
3863385612
3863352010
3863288271
3863206604
3862804122
3862785864
3862783549
3862547712
3862466004
3861911205
3861719140
3861707039
3861472428
3861344062
3861286005
3861229001
3861035462
3860842062
3860833406
3860179614
3860109651
3859987382
3859960455
3858774320
3858731234
3858676495
3858661585
3858599021
3857848447
3857782591
3854135017
3854105034
3854062672
3854046305
3852550304
3852563646
3847692317
3847042681
3846997903
3845293286
3845250100
3845243802
3833327533
3833310557
3833284040
3833001958
3832971297
3831327664
3830521322
3828569176
3828507999
3828451858
3828383573
3825680267
3879045186
3879031784
3878897991
3878877076
3878826773
3878820950
3878790917
3878764797
3878460643
3878340167
3878223867
3878116301
3878064692
3877686792
3877664348
3877643067
3877567979
3877571839
3877561027
3877517708
3877487893
3877478315
3877274288
3876843100
3876769635
3876737008
3876723357
3876415531
3876370048
3876276509
3876218470
3876211394
3876107950
3876086430
3875988033
3875734509
3875071423
3875011096
3874982103
3874800284
3874777722
3874746833
3874724452
3874690889
3874646892
3874480110
3874457647
3874200539
3874133714
3874120919
3873964588
3872977052
3872778655
3871887208
3871858162
3871860727
3871841339
3871766813
3871487789
3871385895
3870809866
3870776606
3870755164
3870626693
3870622919
3870577548
3870592007
3870439083
3870407677
3870364846
3870129726
3869989607
3869959323
3869936033
3869816842
3869813146
3869778157
3869318596
3869106478
3868799106
3868700631
3868664527
3868644090
3868560696
3868524167
3868440058
3868386100
3868350981
3868287808
3868118873
3868095233
3867915097
3867858390
3867864974
3867707188
3867694816
3867648627
3867103470
3867093672
3866802452
3879045186
3879021851
3878983783
3878942384
3878921522
3878849701
3878838369
3877857571
3877852345
3876766341
3876706670
3876702390
3875453805
3875418575
3874828270
3874334750
3874315442
3874310517
3874232117
3872884201
3872835938
3872821208
3872774849
3871917394
3868654531
3868652623
3868036339
3867904071
3867878074
3867868182
3867873961
3867668384
3867628440
3867603171
3867575744
3867534495
3867079270
3865347864
3865082214
3864807456
3864541139
3864456132
3864220965
3863737876
3863550009
3863547870
3863385612
3863352010
3863288271
3863206604
3862804122
3862785864
3862783549
3862547712
3862466004
3861911205
3861719140
3861707039
3861472428
3861344062
3861286005
3861229001
3861035462
3860842062
3860833406
3860179614
3860109651
3859987382
3859960455
3858774320
3858731234
3858676495
3858661585
3858599021
3857848447
3857782591
3854135017
3854105034
3854062672
3854046305
3852550304
3852563646
3847692317
3847042681
3846997903
3845293286
3845250100
3845243802
3833327533
3833310557
3833284040
3833001958
3832971297
3831327664
3830521322
3828569176
3828507999
3828451858
3828383573
3825680267
3879045186
3879031784
3878897991
3878877076
3878826773
3878820950
3878790917
3878764797
3878460643
3878340167
3878223867
3878116301
3878064692
3877686792
3877664348
3877643067
3877567979
3877571839
3877561027
3877517708
3877487893
3877478315
3877274288
3876843100
3876769635
3876737008
3876723357
3876415531
3876370048
3876276509
3876218470
3876211394
3876107950
3876086430
3875988033
3875734509
3875071423
3875011096
3874982103
3874800284
3874777722
3874746833
3874724452
3874690889
3874646892
3874480110
3874457647
3874200539
3874133714
3874120919
3873964588
3872977052
3872778655
3871887208
3871858162
3871860727
3871841339
3871766813
3871487789
3871385895
3870809866
3870776606
3870755164
3870626693
3870622919
3870577548
3870592007
3870439083
3870407677
3870364846
3870129726
3869989607
3869959323
3869936033
3869816842
3869813146
3869778157
3869318596
3869106478
3868799106
3868700631
3868664527
3868644090
3868560696
3868524167
3868440058
3868386100
3868350981
3868287808
3868118873
3868095233
3867915097
3867858390
3867864974
3867707188
3867694816
3867648627
3867103470
3867093672
3866802452
3879045186
3879021851
3878983783
3878942384
3878921522
3878849701
3878838369
3877857571
3877852345
3876766341
3876706670
3876702390
3875453805
3875418575
3874828270
3874334750
3874315442
3874310517
3874232117
3872884201
3872835938
3872821208
3872774849
3871917394
3868654531
3868652623
3868036339
3867904071
3867878074
3867868182
3867873961
3867668384
3867628440
3867603171
3867575744
3867534495
3867079270
3865347864
3865082214
3864807456
3864541139
3864456132
3864220965
3863737876
3863550009
3863547870
3863385612
3863352010
3863288271
3863206604
3862804122
3862785864
3862783549
3862547712
3862466004
3861911205
3861719140
3861707039
3861472428
3861344062
3861286005
3861229001
3861035462
3860842062
3860833406
3860179614
3860109651
3859987382
3859960455
3858774320
3858731234
3858676495
3858661585
3858599021
3857848447
3857782591
3854135017
3854105034
3854062672
3854046305
3852550304
3852563646
3847692317
3847042681
3846997903
3845293286
3845250100
3845243802
3833327533
3833310557
3833284040
3833001958
3832971297
3831327664
3830521322
3828569176
3828507999
3828451858
3828383573
3825680267
3879045186
3879031784
3878897991
3878877076
3878826773
3878820950
3878790917
3878764797
3878460643
3878340167
3878223867
3878116301
3878064692
3877686792
3877664348
3877643067
3877567979
3877571839
3877561027
3877517708
3877487893
3877478315
3877274288
3876843100
3876769635
3876737008
3876723357
3876415531
3876370048
3876276509
3876218470
3876211394
3876107950
3876086430
3875988033
3875734509
3875071423
3875011096
3874982103
3874800284
3874777722
3874746833
3874724452
3874690889
3874646892
3874480110
3874457647
3874200539
3874133714
3874120919
3873964588
3872977052
3872778655
3871887208
3871858162
3871860727
3871841339
3871766813
3871487789
3871385895
3870809866
3870776606
3870755164
3870626693
3870622919
3870577548
3870592007
3870439083
3870407677
3870364846
3870129726
3869989607
3869959323
3869936033
3869816842
3869813146
3869778157
3869318596
3869106478
3868799106
3868700631
3868664527
3868644090
3868560696
3868524167
3868440058
3868386100
3868350981
3868287808
3868118873
3868095233
3867915097
3867858390
3867864974
3867707188
3867694816
3867648627
3867103470
3867093672
3866802452
3879045186
3879021851
3878983783
3878942384
3878921522
3878849701
3878838369
3877857571
3877852345
3876766341
3876706670
3876702390
3875453805
3875418575
3874828270
3874334750
3874315442
3874310517
3874232117
3872884201
3872835938
3872821208
3872774849
3871917394
3868654531
3868652623
3868036339
3867904071
3867878074
3867868182
3867873961
3867668384
3867628440
3867603171
3867575744
3867534495
3867079270
3865347864
3865082214
3864807456
3864541139
3864456132
3864220965
3863737876
3863550009
3863547870
3863385612
3863352010
3863288271
3863206604
3862804122
3862785864
3862783549
3862547712
3862466004
3861911205
3861719140
3861707039
3861472428
3861344062
3861286005
3861229001
3861035462
3860842062
3860833406
3860179614
3860109651
3859987382
3859960455
3858774320
3858731234
3858676495
3858661585
3858599021
3857848447
3857782591
3854135017
3854105034
3854062672
3854046305
3852550304
3852563646
3847692317
3847042681
3846997903
3845293286
3845250100
3845243802
3833327533
3833310557
3833284040
3833001958
3832971297
3831327664
3830521322
3828569176
3828507999
3828451858
3828383573
3825680267
3879045186
3879031784
3878897991
3878877076
3878826773
3878820950
3878790917
3878764797
3878460643
3878340167
3878223867
3878116301
3878064692
3877686792
3877664348
3877643067
3877567979
3877571839
3877561027
3877517708
3877487893
3877478315
3877274288
3876843100
3876769635
3876737008
3876723357
3876415531
3876370048
3876276509
3876218470
3876211394
3876107950
3876086430
3875988033
3875734509
3875071423
3875011096
3874982103
3874800284
3874777722
3874746833
3874724452
3874690889
3874646892
3874480110
3874457647
3874200539
3874133714
3874120919
3873964588
3872977052
3872778655
3871887208
3871858162
3871860727
3871841339
3871766813
3871487789
3871385895
3870809866
3870776606
3870755164
3870626693
3870622919
3870577548
3870592007
3870439083
3870407677
3870364846
3870129726
3869989607
3869959323
3869936033
3869816842
3869813146
3869778157
3869318596
3869106478
3868799106
3868700631
3868664527
3868644090
3868560696
3868524167
3868440058
3868386100
3868350981
3868287808
3868118873
3868095233
3867915097
3867858390
3867864974
3867707188
3867694816
3867648627
3867103470
3867093672
3866802452
3879045186
3879021851
3878983783
3878942384
3878921522
3878849701
3878838369
3877857571
3877852345
3876766341
3876706670
3876702390
3875453805
3875418575
3874828270
3874334750
3874315442
3874310517
3874232117
3872884201
3872835938
3872821208
3872774849
3871917394
3868654531
3868652623
3868036339
3867904071
3867878074
3867868182
3867873961
3867668384
3867628440
3867603171
3867575744
3867534495
3867079270
3865347864
3865082214
3864807456
3864541139
3864456132
3864220965
3863737876
3863550009
3863547870
3863385612
3863352010
3863288271
3863206604
3862804122
3862785864
3862783549
3862547712
3862466004
3861911205
3861719140
3861707039
3861472428
3861344062
3861286005
3861229001
3861035462
3860842062
3860833406
3860179614
3860109651
3859987382
3859960455
3858774320
3858731234
3858676495
3858661585
3858599021
3857848447
3857782591
3854135017
3854105034
3854062672
3854046305
3852550304
3852563646
3847692317
3847042681
3846997903
3845293286
3845250100
3845243802
3833327533
3833310557
3833284040
3833001958
3832971297
3831327664
3830521322
3828569176
3828507999
3828451858
3828383573
3825680267
3879045186
3879031784
3878897991
3878877076
3878826773
3878820950
3878790917
3878764797
3878460643
3878340167
3878223867
3878116301
3878064692
3877686792
3877664348
3877643067
3877567979
3877571839
3877561027
3877517708
3877487893
3877478315
3877274288
3876843100
3876769635
3876737008
3876723357
3876415531
3876370048
3876276509
3876218470
3876211394
3876107950
3876086430
3875988033
3875734509
3875071423
3875011096
3874982103
3874800284
3874777722
3874746833
3874724452
3874690889
3874646892
3874480110
3874457647
3874200539
3874133714
3874120919
3873964588
3872977052
3872778655
3871887208
3871858162
3871860727
3871841339
3871766813
3871487789
3871385895
3870809866
3870776606
3870755164
3870626693
3870622919
3870577548
3870592007
3870439083
3870407677
3870364846
3870129726
3869989607
3869959323
3869936033
3869816842
3869813146
3869778157
3869318596
3869106478
3868799106
3868700631
3868664527
3868644090
3868560696
3868524167
3868440058
3868386100
3868350981
3868287808
3868118873
3868095233
3867915097
3867858390
3867864974
3867707188
3867694816
3867648627
3867103470
3867093672
3866802452
3879045186
3879021851
3878983783
3878942384
3878921522
3878849701
3878838369
3877857571
3877852345
3876766341
3876706670
3876702390
3875453805
3875418575
3874828270
3874334750
3874315442
3874310517
3874232117
3872884201
3872835938
3872821208
3872774849
3871917394
3868654531
3868652623
3868036339
3867904071
3867878074
3867868182
3867873961
3867668384
3867628440
3867603171
3867575744
3867534495
3867079270
3865347864
3865082214
3864807456
3864541139
3864456132
3864220965
3863737876
3863550009
3863547870
3863385612
3863352010
3863288271
3863206604
3862804122
3862785864
3862783549
3862547712
3862466004
3861911205
3861719140
3861707039
3861472428
3861344062
3861286005
3861229001
3861035462
3860842062
3860833406
3860179614
3860109651
3859987382
3859960455
3858774320
3858731234
3858676495
3858661585
3858599021
3857848447
3857782591
3854135017
3854105034
3854062672
3854046305
3852550304
3852563646
3847692317
3847042681
3846997903
3845293286
3845250100
3845243802
3833327533
3833310557
3833284040
3833001958
3832971297
3831327664
3830521322
3828569176
3828507999
3828451858
3828383573
3825680267
3879045186
3879031784
3878897991
3878877076
3878826773
3878820950
3878790917
3878764797
3878460643
3878340167
3878223867
3878116301
3878064692
3877686792
3877664348
3877643067
3877567979
3877571839
3877561027
3877517708
3877487893
3877478315
3877274288
3876843100
3876769635
3876737008
3876723357
3876415531
3876370048
3876276509
3876218470
3876211394
3876107950
3876086430
3875988033
3875734509
3875071423
3875011096
3874982103
3874800284
3874777722
3874746833
3874724452
3874690889
3874646892
3874480110
3874457647
3874200539
3874133714
3874120919
3873964588
3872977052
3872778655
3871887208
3871858162
3871860727
3871841339
3871766813
3871487789
3871385895
3870809866
3870776606
3870755164
3870626693
3870622919
3870577548
3870592007
3870439083
3870407677
3870364846
3870129726
3869989607
3869959323
3869936033
3869816842
3869813146
3869778157
3869318596
3869106478
3868799106
3868700631
3868664527
3868644090
3868560696
3868524167
3868440058
3868386100
3868350981
3868287808
3868118873
3868095233
3867915097
3867858390
3867864974
3867707188
3867694816
3867648627
3867103470
3867093672
3866802452
3879045186
3879021851
3878983783
3878942384
3878921522
3878849701
3878838369
3877857571
3877852345
3876766341
3876706670
3876702390
3875453805
3875418575
3874828270
3874334750
3874315442
3874310517
3874232117
3872884201
3872835938
3872821208
3872774849
3871917394
3868654531
3868652623
3868036339
3867904071
3867878074
3867868182
3867873961
3867668384
3867628440
3867603171
3867575744
3867534495
3867079270
3865347864
3865082214
3864807456
3864541139
3864456132
3864220965
3863737876
3863550009
3863547870
3863385612
3863352010
3863288271
3863206604
3862804122
3862785864
3862783549
3862547712
3862466004
3861911205
3861719140
3861707039
3861472428
3861344062
3861286005
3861229001
3861035462
3860842062
3860833406
3860179614
3860109651
3859987382
3859960455
3858774320
3858731234
3858676495
3858661585
3858599021
3857848447
3857782591
3854135017
3854105034
3854062672
3854046305
3852550304
3852563646
3847692317
3847042681
3846997903
3845293286
3845250100
3845243802
3833327533
3833310557
3833284040
3833001958
3832971297
3831327664
3830521322
3828569176
3828507999
3828451858
3828383573
3825680267
3879045186
3879031784
3878897991
3878877076
3878826773
3878820950
3878790917
3878764797
3878460643
3878340167
3878223867
3878116301
3878064692
3877686792
3877664348
3877643067
3877567979
3877571839
3877561027
3877517708
3877487893
3877478315
3877274288
3876843100
3876769635
3876737008
3876723357
3876415531
3876370048
3876276509
3876218470
3876211394
3876107950
3876086430
3875988033
3875734509
3875071423
3875011096
3874982103
3874800284
3874777722
3874746833
3874724452
3874690889
3874646892
3874480110
3874457647
3874200539
3874133714
3874120919
3873964588
3872977052
3872778655
3871887208
3871858162
3871860727
3871841339
3871766813
3871487789
3871385895
3870809866
3870776606
3870755164
3870626693
3870622919
3870577548
3870592007
3870439083
3870407677
3870364846
3870129726
3869989607
3869959323
3869936033
3869816842
3869813146
3869778157
3869318596
3869106478
3868799106
3868700631
3868664527
3868644090
3868560696
3868524167
3868440058
3868386100
3868350981
3868287808
3868118873
3868095233
3867915097
3867858390
3867864974
3867707188
3867694816
3867648627
3867103470
3867093672
3866802452
3879045186
3879021851
3878983783
3878942384
3878921522
3878849701
3878838369
3877857571
3877852345
3876766341
3876706670
3876702390
3875453805
3875418575
3874828270
3874334750
3874315442
3874310517
3874232117
3872884201
3872835938
3872821208
3872774849
3871917394
3868654531
3868652623
3868036339
3867904071
3867878074
3867868182
3867873961
3867668384
3867628440
3867603171
3867575744
3867534495
3867079270
3865347864
3865082214
3864807456
3864541139
3864456132
3864220965
3863737876
3863550009
3863547870
3863385612
3863352010
3863288271
3863206604
3862804122
3862785864
3862783549
3862547712
3862466004
3861911205
3861719140
3861707039
3861472428
3861344062
3861286005
3861229001
3861035462
3860842062
3860833406
3860179614
3860109651
3859987382
3859960455
3858774320
3858731234
3858676495
3858661585
3858599021
3857848447
3857782591
3854135017
3854105034
3854062672
3854046305
3852550304
3852563646
3847692317
3847042681
3846997903
3845293286
3845250100
3845243802
3833327533
3833310557
3833284040
3833001958
3832971297
3831327664
3830521322
3828569176
3828507999
3828451858
3828383573
3825680267
3879045186
3879031784
3878897991
3878877076
3878826773
3878820950
3878790917
3878764797
3878460643
3878340167
3878223867
3878116301
3878064692
3877686792
3877664348
3877643067
3877567979
3877571839
3877561027
3877517708
3877487893
3877478315
3877274288
3876843100
3876769635
3876737008
3876723357
3876415531
3876370048
3876276509
3876218470
3876211394
3876107950
3876086430
3875988033
3875734509
3875071423
3875011096
3874982103
3874800284
3874777722
3874746833
3874724452
3874690889
3874646892
3874480110
3874457647
3874200539
3874133714
3874120919
3873964588
3872977052
3872778655
3871887208
3871858162
3871860727
3871841339
3871766813
3871487789
3871385895
3870809866
3870776606
3870755164
3870626693
3870622919
3870577548
3870592007
3870439083
3870407677
3870364846
3870129726
3869989607
3869959323
3869936033
3869816842
3869813146
3869778157
3869318596
3869106478
3868799106
3868700631
3868664527
3868644090
3868560696
3868524167
3868440058
3868386100
3868350981
3868287808
3868118873
3868095233
3867915097
3867858390
3867864974
3867707188
3867694816
3867648627
3867103470
3867093672
3866802452
3879045186
3879021851
3878983783
3878942384
3878921522
3878849701
3878838369
3877857571
3877852345
3876766341
3876706670
3876702390
3875453805
3875418575
3874828270
3874334750
3874315442
3874310517
3874232117
3872884201
3872835938
3872821208
3872774849
3871917394
3868654531
3868652623
3868036339
3867904071
3867878074
3867868182
3867873961
3867668384
3867628440
3867603171
3867575744
3867534495
3867079270
3865347864
3865082214
3864807456
3864541139
3864456132
3864220965
3863737876
3863550009
3863547870
3863385612
3863352010
3863288271
3863206604
3862804122
3862785864
3862783549
3862547712
3862466004
3861911205
3861719140
3861707039
3861472428
3861344062
3861286005
3861229001
3861035462
3860842062
3860833406
3860179614
3860109651
3859987382
3859960455
3858774320
3858731234
3858676495
3858661585
3858599021
3857848447
3857782591
3854135017
3854105034
3854062672
3854046305
3852550304
3852563646
3847692317
3847042681
3846997903
3845293286
3845250100
3845243802
3833327533
3833310557
3833284040
3833001958
3832971297
3831327664
3830521322
3828569176
3828507999
3828451858
3828383573
3825680267
3879045186
3879031784
3878897991
3878877076
3878826773
3878820950
3878790917
3878764797
3878460643
3878340167
3878223867
3878116301
3878064692
3877686792
3877664348
3877643067
3877567979
3877571839
3877561027
3877517708
3877487893
3877478315
3877274288
3876843100
3876769635
3876737008
3876723357
3876415531
3876370048
3876276509
3876218470
3876211394
3876107950
3876086430
3875988033
3875734509
3875071423
3875011096
3874982103
3874800284
3874777722
3874746833
3874724452
3874690889
3874646892
3874480110
3874457647
3874200539
3874133714
3874120919
3873964588
3872977052
3872778655
3871887208
3871858162
3871860727
3871841339
3871766813
3871487789
3871385895
3870809866
3870776606
3870755164
3870626693
3870622919
3870577548
3870592007
3870439083
3870407677
3870364846
3870129726
3869989607
3869959323
3869936033
3869816842
3869813146
3869778157
3869318596
3869106478
3868799106
3868700631
3868664527
3868644090
3868560696
3868524167
3868440058
3868386100
3868350981
3868287808
3868118873
3868095233
3867915097
3867858390
3867864974
3867707188
3867694816
3867648627
3867103470
3867093672
3866802452
3879045186
3879021851
3878983783
3878942384
3878921522
3878849701
3878838369
3877857571
3877852345
3876766341
3876706670
3876702390
3875453805
3875418575
3874828270
3874334750
3874315442
3874310517
3874232117
3872884201
3872835938
3872821208
3872774849
3871917394
3868654531
3868652623
3868036339
3867904071
3867878074
3867868182
3867873961
3867668384
3867628440
3867603171
3867575744
3867534495
3867079270
3865347864
3865082214
3864807456
3864541139
3864456132
3864220965
3863737876
3863550009
3863547870
3863385612
3863352010
3863288271
3863206604
3862804122
3862785864
3862783549
3862547712
3862466004
3861911205
3861719140
3861707039
3861472428
3861344062
3861286005
3861229001
3861035462
3860842062
3860833406
3860179614
3860109651
3859987382
3859960455
3858774320
3858731234
3858676495
3858661585
3858599021
3857848447
3857782591
3854135017
3854105034
3854062672
3854046305
3852550304
3852563646
3847692317
3847042681
3846997903
3845293286
3845250100
3845243802
3833327533
3833310557
3833284040
3833001958
3832971297
3831327664
3830521322
3828569176
3828507999
3828451858
3828383573
3825680267
3879045186
3879031784
3878897991
3878877076
3878826773
3878820950
3878790917
3878764797
3878460643
3878340167
3878223867
3878116301
3878064692
3877686792
3877664348
3877643067
3877567979
3877571839
3877561027
3877517708
3877487893
3877478315
3877274288
3876843100
3876769635
3876737008
3876723357
3876415531
3876370048
3876276509
3876218470
3876211394
3876107950
3876086430
3875988033
3875734509
3875071423
3875011096
3874982103
3874800284
3874777722
3874746833
3874724452
3874690889
3874646892
3874480110
3874457647
3874200539
3874133714
3874120919
3873964588
3872977052
3872778655
3871887208
3871858162
3871860727
3871841339
3871766813
3871487789
3871385895
3870809866
3870776606
3870755164
3870626693
3870622919
3870577548
3870592007
3870439083
3870407677
3870364846
3870129726
3869989607
3869959323
3869936033
3869816842
3869813146
3869778157
3869318596
3869106478
3868799106
3868700631
3868664527
3868644090
3868560696
3868524167
3868440058
3868386100
3868350981
3868287808
3868118873
3868095233
3867915097
3867858390
3867864974
3867707188
3867694816
3867648627
3867103470
3867093672
3866802452
3879045186
3879021851
3878983783
3878942384
3878921522
3878849701
3878838369
3877857571
3877852345
3876766341
3876706670
3876702390
3875453805
3875418575
3874828270
3874334750
3874315442
3874310517
3874232117
3872884201
3872835938
3872821208
3872774849
3871917394
3868654531
3868652623
3868036339
3867904071
3867878074
3867868182
3867873961
3867668384
3867628440
3867603171
3867575744
3867534495
3867079270
3865347864
3865082214
3864807456
3864541139
3864456132
3864220965
3863737876
3863550009
3863547870
3863385612
3863352010
3863288271
3863206604
3862804122
3862785864
3862783549
3862547712
3862466004
3861911205
3861719140
3861707039
3861472428
3861344062
3861286005
3861229001
3861035462
3860842062
3860833406
3860179614
3860109651
3859987382
3859960455
3858774320
3858731234
3858676495
3858661585
3858599021
3857848447
3857782591
3854135017
3854105034
3854062672
3854046305
3852550304
3852563646
3847692317
3847042681
3846997903
3845293286
3845250100
3845243802
3833327533
3833310557
3833284040
3833001958
3832971297
3831327664
3830521322
3828569176
3828507999
3828451858
3828383573
3825680267
3879045186
3879031784
3878897991
3878877076
3878826773
3878820950
3878790917
3878764797
3878460643
3878340167
3878223867
3878116301
3878064692
3877686792
3877664348
3877643067
3877567979
3877571839
3877561027
3877517708
3877487893
3877478315
3877274288
3876843100
3876769635
3876737008
3876723357
3876415531
3876370048
3876276509
3876218470
3876211394
3876107950
3876086430
3875988033
3875734509
3875071423
3875011096
3874982103
3874800284
3874777722
3874746833
3874724452
3874690889
3874646892
3874480110
3874457647
3874200539
3874133714
3874120919
3873964588
3872977052
3872778655
3871887208
3871858162
3871860727
3871841339
3871766813
3871487789
3871385895
3870809866
3870776606
3870755164
3870626693
3870622919
3870577548
3870592007
3870439083
3870407677
3870364846
3870129726
3869989607
3869959323
3869936033
3869816842
3869813146
3869778157
3869318596
3869106478
3868799106
3868700631
3868664527
3868644090
3868560696
3868524167
3868440058
3868386100
3868350981
3868287808
3868118873
3868095233
3867915097
3867858390
3867864974
3867707188
3867694816
3867648627
3867103470
3867093672
3866802452
3879045186
3879021851
3878983783
3878942384
3878921522
3878849701
3878838369
3877857571
3877852345
3876766341
3876706670
3876702390
3875453805
3875418575
3874828270
3874334750
3874315442
3874310517
3874232117
3872884201
3872835938
3872821208
3872774849
3871917394
3868654531
3868652623
3868036339
3867904071
3867878074
3867868182
3867873961
3867668384
3867628440
3867603171
3867575744
3867534495
3867079270
3865347864
3865082214
3864807456
3864541139
3864456132
3864220965
3863737876
3863550009
3863547870
3863385612
3863352010
3863288271
3863206604
3862804122
3862785864
3862783549
3862547712
3862466004
3861911205
3861719140
3861707039
3861472428
3861344062
3861286005
3861229001
3861035462
3860842062
3860833406
3860179614
3860109651
3859987382
3859960455
3858774320
3858731234
3858676495
3858661585
3858599021
3857848447
3857782591
3854135017
3854105034
3854062672
3854046305
3852550304
3852563646
3847692317
3847042681
3846997903
3845293286
3845250100
3845243802
3833327533
3833310557
3833284040
3833001958
3832971297
3831327664
3830521322
3828569176
3828507999
3828451858
3828383573
3825680267
3879045186
3879031784
3878897991
3878877076
3878826773
3878820950
3878790917
3878764797
3878460643
3878340167
3878223867
3878116301
3878064692
3877686792
3877664348
3877643067
3877567979
3877571839
3877561027
3877517708
3877487893
3877478315
3877274288
3876843100
3876769635
3876737008
3876723357
3876415531
3876370048
3876276509
3876218470
3876211394
3876107950
3876086430
3875988033
3875734509
3875071423
3875011096
3874982103
3874800284
3874777722
3874746833
3874724452
3874690889
3874646892
3874480110
3874457647
3874200539
3874133714
3874120919
3873964588
3872977052
3872778655
3871887208
3871858162
3871860727
3871841339
3871766813
3871487789
3871385895
3870809866
3870776606
3870755164
3870626693
3870622919
3870577548
3870592007
3870439083
3870407677
3870364846
3870129726
3869989607
3869959323
3869936033
3869816842
3869813146
3869778157
3869318596
3869106478
3868799106
3868700631
3868664527
3868644090
3868560696
3868524167
3868440058
3868386100
3868350981
3868287808
3868118873
3868095233
3867915097
3867858390
3867864974
3867707188
3867694816
3867648627
3867103470
3867093672
3866802452
3879045186
3879021851
3878983783
3878942384
3878921522
3878849701
3878838369
3877857571
3877852345
3876766341
3876706670
3876702390
3875453805
3875418575
3874828270
3874334750
3874315442
3874310517
3874232117
3872884201
3872835938
3872821208
3872774849
3871917394
3868654531
3868652623
3868036339
3867904071
3867878074
3867868182
3867873961
3867668384
3867628440
3867603171
3867575744
3867534495
3867079270
3865347864
3865082214
3864807456
3864541139
3864456132
3864220965
3863737876
3863550009
3863547870
3863385612
3863352010
3863288271
3863206604
3862804122
3862785864
3862783549
3862547712
3862466004
3861911205
3861719140
3861707039
3861472428
3861344062
3861286005
3861229001
3861035462
3860842062
3860833406
3860179614
3860109651
3859987382
3859960455
3858774320
3858731234
3858676495
3858661585
3858599021
3857848447
3857782591
3854135017
3854105034
3854062672
3854046305
3852550304
3852563646
3847692317
3847042681
3846997903
3845293286
3845250100
3845243802
3833327533
3833310557
3833284040
3833001958
3832971297
3831327664
3830521322
3828569176
3828507999
3828451858
3828383573
3825680267
3879045186
3879031784
3878897991
3878877076
3878826773
3878820950
3878790917
3878764797
3878460643
3878340167
3878223867
3878116301
3878064692
3877686792
3877664348
3877643067
3877567979
3877571839
3877561027
3877517708
3877487893
3877478315
3877274288
3876843100
3876769635
3876737008
3876723357
3876415531
3876370048
3876276509
3876218470
3876211394
3876107950
3876086430
3875988033
3875734509
3875071423
3875011096
3874982103
3874800284
3874777722
3874746833
3874724452
3874690889
3874646892
3874480110
3874457647
3874200539
3874133714
3874120919
3873964588
3872977052
3872778655
3871887208
3871858162
3871860727
3871841339
3871766813
3871487789
3871385895
3870809866
3870776606
3870755164
3870626693
3870622919
3870577548
3870592007
3870439083
3870407677
3870364846
3870129726
3869989607
3869959323
3869936033
3869816842
3869813146
3869778157
3869318596
3869106478
3868799106
3868700631
3868664527
3868644090
3868560696
3868524167
3868440058
3868386100
3868350981
3868287808
3868118873
3868095233
3867915097
3867858390
3867864974
3867707188
3867694816
3867648627
3867103470
3867093672
3866802452
3879045186
3879021851
3878983783
3878942384
3878921522
3878849701
3878838369
3877857571
3877852345
3876766341
3876706670
3876702390
3875453805
3875418575
3874828270
3874334750
3874315442
3874310517
3874232117
3872884201
3872835938
3872821208
3872774849
3871917394
3868654531
3868652623
3868036339
3867904071
3867878074
3867868182
3867873961
3867668384
3867628440
3867603171
3867575744
3867534495
3867079270
3865347864
3865082214
3864807456
3864541139
3864456132
3864220965
3863737876
3863550009
3863547870
3863385612
3863352010
3863288271
3863206604
3862804122
3862785864
3862783549
3862547712
3862466004
3861911205
3861719140
3861707039
3861472428
3861344062
3861286005
3861229001
3861035462
3860842062
3860833406
3860179614
3860109651
3859987382
3859960455
3858774320
3858731234
3858676495
3858661585
3858599021
3857848447
3857782591
3854135017
3854105034
3854062672
3854046305
3852550304
3852563646
3847692317
3847042681
3846997903
3845293286
3845250100
3845243802
3833327533
3833310557
3833284040
3833001958
3832971297
3831327664
3830521322
3828569176
3828507999
3828451858
3828383573
3825680267
3879045186
3879031784
3878897991
3878877076
3878826773
3878820950
3878790917
3878764797
3878460643
3878340167
3878223867
3878116301
3878064692
3877686792
3877664348
3877643067
3877567979
3877571839
3877561027
3877517708
3877487893
3877478315
3877274288
3876843100
3876769635
3876737008
3876723357
3876415531
3876370048
3876276509
3876218470
3876211394
3876107950
3876086430
3875988033
3875734509
3875071423
3875011096
3874982103
3874800284
3874777722
3874746833
3874724452
3874690889
3874646892
3874480110
3874457647
3874200539
3874133714
3874120919
3873964588
3872977052
3872778655
3871887208
3871858162
3871860727
3871841339
3871766813
3871487789
3871385895
3870809866
3870776606
3870755164
3870626693
3870622919
3870577548
3870592007
3870439083
3870407677
3870364846
3870129726
3869989607
3869959323
3869936033
3869816842
3869813146
3869778157
3869318596
3869106478
3868799106
3868700631
3868664527
3868644090
3868560696
3868524167
3868440058
3868386100
3868350981
3868287808
3868118873
3868095233
3867915097
3867858390
3867864974
3867707188
3867694816
3867648627
3867103470
3867093672
3866802452
3879045186
3879021851
3878983783
3878942384
3878921522
3878849701
3878838369
3877857571
3877852345
3876766341
3876706670
3876702390
3875453805
3875418575
3874828270
3874334750
3874315442
3874310517
3874232117
3872884201
3872835938
3872821208
3872774849
3871917394
3868654531
3868652623
3868036339
3867904071
3867878074
3867868182
3867873961
3867668384
3867628440
3867603171
3867575744
3867534495
3867079270
3865347864
3865082214
3864807456
3864541139
3864456132
3864220965
3863737876
3863550009
3863547870
3863385612
3863352010
3863288271
3863206604
3862804122
3862785864
3862783549
3862547712
3862466004
3861911205
3861719140
3861707039
3861472428
3861344062
3861286005
3861229001
3861035462
3860842062
3860833406
3860179614
3860109651
3859987382
3859960455
3858774320
3858731234
3858676495
3858661585
3858599021
3857848447
3857782591
3854135017
3854105034
3854062672
3854046305
3852550304
3852563646
3847692317
3847042681
3846997903
3845293286
3845250100
3845243802
3833327533
3833310557
3833284040
3833001958
3832971297
3831327664
3830521322
3828569176
3828507999
3828451858
3828383573
3825680267
3879045186
3879031784
3878897991
3878877076
3878826773
3878820950
3878790917
3878764797
3878460643
3878340167
3878223867
3878116301
3878064692
3877686792
3877664348
3877643067
3877567979
3877571839
3877561027
3877517708
3877487893
3877478315
3877274288
3876843100
3876769635
3876737008
3876723357
3876415531
3876370048
3876276509
3876218470
3876211394
3876107950
3876086430
3875988033
3875734509
3875071423
3875011096
3874982103
3874800284
3874777722
3874746833
3874724452
3874690889
3874646892
3874480110
3874457647
3874200539
3874133714
3874120919
3873964588
3872977052
3872778655
3871887208
3871858162
3871860727
3871841339
3871766813
3871487789
3871385895
3870809866
3870776606
3870755164
3870626693
3870622919
3870577548
3870592007
3870439083
3870407677
3870364846
3870129726
3869989607
3869959323
3869936033
3869816842
3869813146
3869778157
3869318596
3869106478
3868799106
3868700631
3868664527
3868644090
3868560696
3868524167
3868440058
3868386100
3868350981
3868287808
3868118873
3868095233
3867915097
3867858390
3867864974
3867707188
3867694816
3867648627
3867103470
3867093672
3866802452
3879045186
3879021851
3878983783
3878942384
3878921522
3878849701
3878838369
3877857571
3877852345
3876766341
3876706670
3876702390
3875453805
3875418575
3874828270
3874334750
3874315442
3874310517
3874232117
3872884201
3872835938
3872821208
3872774849
3871917394
3868654531
3868652623
3868036339
3867904071
3867878074
3867868182
3867873961
3867668384
3867628440
3867603171
3867575744
3867534495
3867079270
3865347864
3865082214
3864807456
3864541139
3864456132
3864220965
3863737876
3863550009
3863547870
3863385612
3863352010
3863288271
3863206604
3862804122
3862785864
3862783549
3862547712
3862466004
3861911205
3861719140
3861707039
3861472428
3861344062
3861286005
3861229001
3861035462
3860842062
3860833406
3860179614
3860109651
3859987382
3859960455
3858774320
3858731234
3858676495
3858661585
3858599021
3857848447
3857782591
3854135017
3854105034
3854062672
3854046305
3852550304
3852563646
3847692317
3847042681
3846997903
3845293286
3845250100
3845243802
3833327533
3833310557
3833284040
3833001958
3832971297
3831327664
3830521322
3828569176
3828507999
3828451858
3828383573
3825680267
3879045186
3879031784
3878897991
3878877076
3878826773
3878820950
3878790917
3878764797
3878460643
3878340167
3878223867
3878116301
3878064692
3877686792
3877664348
3877643067
3877567979
3877571839
3877561027
3877517708
3877487893
3877478315
3877274288
3876843100
3876769635
3876737008
3876723357
3876415531
3876370048
3876276509
3876218470
3876211394
3876107950
3876086430
3875988033
3875734509
3875071423
3875011096
3874982103
3874800284
3874777722
3874746833
3874724452
3874690889
3874646892
3874480110
3874457647
3874200539
3874133714
3874120919
3873964588
3872977052
3872778655
3871887208
3871858162
3871860727
3871841339
3871766813
3871487789
3871385895
3870809866
3870776606
3870755164
3870626693
3870622919
3870577548
3870592007
3870439083
3870407677
3870364846
3870129726
3869989607
3869959323
3869936033
3869816842
3869813146
3869778157
3869318596
3869106478
3868799106
3868700631
3868664527
3868644090
3868560696
3868524167
3868440058
3868386100
3868350981
3868287808
3868118873
3868095233
3867915097
3867858390
3867864974
3867707188
3867694816
3867648627
3867103470
3867093672
3866802452
3879045186
3879021851
3878983783
3878942384
3878921522
3878849701
3878838369
3877857571
3877852345
3876766341
3876706670
3876702390
3875453805
3875418575
3874828270
3874334750
3874315442
3874310517
3874232117
3872884201
3872835938
3872821208
3872774849
3871917394
3868654531
3868652623
3868036339
3867904071
3867878074
3867868182
3867873961
3867668384
3867628440
3867603171
3867575744
3867534495
3867079270
3865347864
3865082214
3864807456
3864541139
3864456132
3864220965
3863737876
3863550009
3863547870
3863385612
3863352010
3863288271
3863206604
3862804122
3862785864
3862783549
3862547712
3862466004
3861911205
3861719140
3861707039
3861472428
3861344062
3861286005
3861229001
3861035462
3860842062
3860833406
3860179614
3860109651
3859987382
3859960455
3858774320
3858731234
3858676495
3858661585
3858599021
3857848447
3857782591
3854135017
3854105034
3854062672
3854046305
3852550304
3852563646
3847692317
3847042681
3846997903
3845293286
3845250100
3845243802
3833327533
3833310557
3833284040
3833001958
3832971297
3831327664
3830521322
3828569176
3828507999
3828451858
3828383573
3825680267
3879045186
3879031784
3878897991
3878877076
3878826773
3878820950
3878790917
3878764797
3878460643
3878340167
3878223867
3878116301
3878064692
3877686792
3877664348
3877643067
3877567979
3877571839
3877561027
3877517708
3877487893
3877478315
3877274288
3876843100
3876769635
3876737008
3876723357
3876415531
3876370048
3876276509
3876218470
3876211394
3876107950
3876086430
3875988033
3875734509
3875071423
3875011096
3874982103
3874800284
3874777722
3874746833
3874724452
3874690889
3874646892
3874480110
3874457647
3874200539
3874133714
3874120919
3873964588
3872977052
3872778655
3871887208
3871858162
3871860727
3871841339
3871766813
3871487789
3871385895
3870809866
3870776606
3870755164
3870626693
3870622919
3870577548
3870592007
3870439083
3870407677
3870364846
3870129726
3869989607
3869959323
3869936033
3869816842
3869813146
3869778157
3869318596
3869106478
3868799106
3868700631
3868664527
3868644090
3868560696
3868524167
3868440058
3868386100
3868350981
3868287808
3868118873
3868095233
3867915097
3867858390
3867864974
3867707188
3867694816
3867648627
3867103470
3867093672
3866802452
3879045186
3879021851
3878983783
3878942384
3878921522
3878849701
3878838369
3877857571
3877852345
3876766341
3876706670
3876702390
3875453805
3875418575
3874828270
3874334750
3874315442
3874310517
3874232117
3872884201
3872835938
3872821208
3872774849
3871917394
3868654531
3868652623
3868036339
3867904071
3867878074
3867868182
3867873961
3867668384
3867628440
3867603171
3867575744
3867534495
3867079270
3865347864
3865082214
3864807456
3864541139
3864456132
3864220965
3863737876
3863550009
3863547870
3863385612
3863352010
3863288271
3863206604
3862804122
3862785864
3862783549
3862547712
3862466004
3861911205
3861719140
3861707039
3861472428
3861344062
3861286005
3861229001
3861035462
3860842062
3860833406
3860179614
3860109651
3859987382
3859960455
3858774320
3858731234
3858676495
3858661585
3858599021
3857848447
3857782591
3854135017
3854105034
3854062672
3854046305
3852550304
3852563646
3847692317
3847042681
3846997903
3845293286
3845250100
3845243802
3833327533
3833310557
3833284040
3833001958
3832971297
3831327664
3830521322
3828569176
3828507999
3828451858
3828383573
3825680267
3879045186
3879031784
3878897991
3878877076
3878826773
3878820950
3878790917
3878764797
3878460643
3878340167
3878223867
3878116301
3878064692
3877686792
3877664348
3877643067
3877567979
3877571839
3877561027
3877517708
3877487893
3877478315
3877274288
3876843100
3876769635
3876737008
3876723357
3876415531
3876370048
3876276509
3876218470
3876211394
3876107950
3876086430
3875988033
3875734509
3875071423
3875011096
3874982103
3874800284
3874777722
3874746833
3874724452
3874690889
3874646892
3874480110
3874457647
3874200539
3874133714
3874120919
3873964588
3872977052
3872778655
3871887208
3871858162
3871860727
3871841339
3871766813
3871487789
3871385895
3870809866
3870776606
3870755164
3870626693
3870622919
3870577548
3870592007
3870439083
3870407677
3870364846
3870129726
3869989607
3869959323
3869936033
3869816842
3869813146
3869778157
3869318596
3869106478
3868799106
3868700631
3868664527
3868644090
3868560696
3868524167
3868440058
3868386100
3868350981
3868287808
3868118873
3868095233
3867915097
3867858390
3867864974
3867707188
3867694816
3867648627
3867103470
3867093672
3866802452
3879045186
3879021851
3878983783
3878942384
3878921522
3878849701
3878838369
3877857571
3877852345
3876766341
3876706670
3876702390
3875453805
3875418575
3874828270
3874334750
3874315442
3874310517
3874232117
3872884201
3872835938
3872821208
3872774849
3871917394
3868654531
3868652623
3868036339
3867904071
3867878074
3867868182
3867873961
3867668384
3867628440
3867603171
3867575744
3867534495
3867079270
3865347864
3865082214
3864807456
3864541139
3864456132
3864220965
3863737876
3863550009
3863547870
3863385612
3863352010
3863288271
3863206604
3862804122
3862785864
3862783549
3862547712
3862466004
3861911205
3861719140
3861707039
3861472428
3861344062
3861286005
3861229001
3861035462
3860842062
3860833406
3860179614
3860109651
3859987382
3859960455
3858774320
3858731234
3858676495
3858661585
3858599021
3857848447
3857782591
3854135017
3854105034
3854062672
3854046305
3852550304
3852563646
3847692317
3847042681
3846997903
3845293286
3845250100
3845243802
3833327533
3833310557
3833284040
3833001958
3832971297
3831327664
3830521322
3828569176
3828507999
3828451858
3828383573
3825680267
3879045186
3879031784
3878897991
3878877076
3878826773
3878820950
3878790917
3878764797
3878460643
3878340167
3878223867
3878116301
3878064692
3877686792
3877664348
3877643067
3877567979
3877571839
3877561027
3877517708
3877487893
3877478315
3877274288
3876843100
3876769635
3876737008
3876723357
3876415531
3876370048
3876276509
3876218470
3876211394
3876107950
3876086430
3875988033
3875734509
3875071423
3875011096
3874982103
3874800284
3874777722
3874746833
3874724452
3874690889
3874646892
3874480110
3874457647
3874200539
3874133714
3874120919
3873964588
3872977052
3872778655
3871887208
3871858162
3871860727
3871841339
3871766813
3871487789
3871385895
3870809866
3870776606
3870755164
3870626693
3870622919
3870577548
3870592007
3870439083
3870407677
3870364846
3870129726
3869989607
3869959323
3869936033
3869816842
3869813146
3869778157
3869318596
3869106478
3868799106
3868700631
3868664527
3868644090
3868560696
3868524167
3868440058
3868386100
3868350981
3868287808
3868118873
3868095233
3867915097
3867858390
3867864974
3867707188
3867694816
3867648627
3867103470
3867093672
3866802452
3879045186
3879021851
3878983783
3878942384
3878921522
3878849701
3878838369
3877857571
3877852345
3876766341
3876706670
3876702390
3875453805
3875418575
3874828270
3874334750
3874315442
3874310517
3874232117
3872884201
3872835938
3872821208
3872774849
3871917394
3868654531
3868652623
3868036339
3867904071
3867878074
3867868182
3867873961
3867668384
3867628440
3867603171
3867575744
3867534495
3867079270
3865347864
3865082214
3864807456
3864541139
3864456132
3864220965
3863737876
3863550009
3863547870
3863385612
3863352010
3863288271
3863206604
3862804122
3862785864
3862783549
3862547712
3862466004
3861911205
3861719140
3861707039
3861472428
3861344062
3861286005
3861229001
3861035462
3860842062
3860833406
3860179614
3860109651
3859987382
3859960455
3858774320
3858731234
3858676495
3858661585
3858599021
3857848447
3857782591
3854135017
3854105034
3854062672
3854046305
3852550304
3852563646
3847692317
3847042681
3846997903
3845293286
3845250100
3845243802
3833327533
3833310557
3833284040
3833001958
3832971297
3831327664
3830521322
3828569176
3828507999
3828451858
3828383573
3825680267
3879045186
3879031784
3878897991
3878877076
3878826773
3878820950
3878790917
3878764797
3878460643
3878340167
3878223867
3878116301
3878064692
3877686792
3877664348
3877643067
3877567979
3877571839
3877561027
3877517708
3877487893
3877478315
3877274288
3876843100
3876769635
3876737008
3876723357
3876415531
3876370048
3876276509
3876218470
3876211394
3876107950
3876086430
3875988033
3875734509
3875071423
3875011096
3874982103
3874800284
3874777722
3874746833
3874724452
3874690889
3874646892
3874480110
3874457647
3874200539
3874133714
3874120919
3873964588
3872977052
3872778655
3871887208
3871858162
3871860727
3871841339
3871766813
3871487789
3871385895
3870809866
3870776606
3870755164
3870626693
3870622919
3870577548
3870592007
3870439083
3870407677
3870364846
3870129726
3869989607
3869959323
3869936033
3869816842
3869813146
3869778157
3869318596
3869106478
3868799106
3868700631
3868664527
3868644090
3868560696
3868524167
3868440058
3868386100
3868350981
3868287808
3868118873
3868095233
3867915097
3867858390
3867864974
3867707188
3867694816
3867648627
3867103470
3867093672
3866802452
3879045186
3879021851
3878983783
3878942384
3878921522
3878849701
3878838369
3877857571
3877852345
3876766341
3876706670
3876702390
3875453805
3875418575
3874828270
3874334750
3874315442
3874310517
3874232117
3872884201
3872835938
3872821208
3872774849
3871917394
3868654531
3868652623
3868036339
3867904071
3867878074
3867868182
3867873961
3867668384
3867628440
3867603171
3867575744
3867534495
3867079270
3865347864
3865082214
3864807456
3864541139
3864456132
3864220965
3863737876
3863550009
3863547870
3863385612
3863352010
3863288271
3863206604
3862804122
3862785864
3862783549
3862547712
3862466004
3861911205
3861719140
3861707039
3861472428
3861344062
3861286005
3861229001
3861035462
3860842062
3860833406
3860179614
3860109651
3859987382
3859960455
3858774320
3858731234
3858676495
3858661585
3858599021
3857848447
3857782591
3854135017
3854105034
3854062672
3854046305
3852550304
3852563646
3847692317
3847042681
3846997903
3845293286
3845250100
3845243802
3833327533
3833310557
3833284040
3833001958
3832971297
3831327664
3830521322
3828569176
3828507999
3828451858
3828383573
3825680267
3879045186
3879031784
3878897991
3878877076
3878826773
3878820950
3878790917
3878764797
3878460643
3878340167
3878223867
3878116301
3878064692
3877686792
3877664348
3877643067
3877567979
3877571839
3877561027
3877517708
3877487893
3877478315
3877274288
3876843100
3876769635
3876737008
3876723357
3876415531
3876370048
3876276509
3876218470
3876211394
3876107950
3876086430
3875988033
3875734509
3875071423
3875011096
3874982103
3874800284
3874777722
3874746833
3874724452
3874690889
3874646892
3874480110
3874457647
3874200539
3874133714
3874120919
3873964588
3872977052
3872778655
3871887208
3871858162
3871860727
3871841339
3871766813
3871487789
3871385895
3870809866
3870776606
3870755164
3870626693
3870622919
3870577548
3870592007
3870439083
3870407677
3870364846
3870129726
3869989607
3869959323
3869936033
3869816842
3869813146
3869778157
3869318596
3869106478
3868799106
3868700631
3868664527
3868644090
3868560696
3868524167
3868440058
3868386100
3868350981
3868287808
3868118873
3868095233
3867915097
3867858390
3867864974
3867707188
3867694816
3867648627
3867103470
3867093672
3866802452
3879045186
3879021851
3878983783
3878942384
3878921522
3878849701
3878838369
3877857571
3877852345
3876766341
3876706670
3876702390
3875453805
3875418575
3874828270
3874334750
3874315442
3874310517
3874232117
3872884201
3872835938
3872821208
3872774849
3871917394
3868654531
3868652623
3868036339
3867904071
3867878074
3867868182
3867873961
3867668384
3867628440
3867603171
3867575744
3867534495
3867079270
3865347864
3865082214
3864807456
3864541139
3864456132
3864220965
3863737876
3863550009
3863547870
3863385612
3863352010
3863288271
3863206604
3862804122
3862785864
3862783549
3862547712
3862466004
3861911205
3861719140
3861707039
3861472428
3861344062
3861286005
3861229001
3861035462
3860842062
3860833406
3860179614
3860109651
3859987382
3859960455
3858774320
3858731234
3858676495
3858661585
3858599021
3857848447
3857782591
3854135017
3854105034
3854062672
3854046305
3852550304
3852563646
3847692317
3847042681
3846997903
3845293286
3845250100
3845243802
3833327533
3833310557
3833284040
3833001958
3832971297
3831327664
3830521322
3828569176
3828507999
3828451858
3828383573
3825680267
