3874783488
3874770479
3867427420
3867385479
3831142464
3831109572
3822203957
3798311149
3798261995
3797674817
3797652079
3791651841
3791607896
3791544268
3791500817
3785234768
3783876825
3780140866
3780097879
3779440830
3779377900
3778222822
3778192357
3778154303
3777792259
3777728275
3776104253
3776037237
3773098199
3772019439
3771986351
3771919286
3771905552
3770912868
3770676798
3764986906
3763878293
3763813997
3759734293
3759702647
3759657461
3759637037
3759606149
3742804210
3742782665
3742758977
3739133960
3735299891
3732614017
3732550109
3732502889
3732475725
3726713219
3717818361
3717784561
3717764772
3709968482
3704284291
3704256417
3703986401
3701502760
3701271539
3699830499
3699776955
3699749121
3699734463
3694335748
3694263008
3692385800
3689672347
3689652670
3689603055
3689575207
3686475853
3673420369
3673399910
3671521586
3671483119
3663306586
3663262537
3662183703
3660216513
3660171744
3650851636
3648385532
3648359501
3648354574
3628510691
3603444570
3603434304
3603350478
3603321138
3603279576
3601296286
3599347353
3599301498
3599250754
3599180748
3593578003
3593518687
3878964883
3878918732
3878869693
3878822943
3878793379
3877214684
3877004676
3876980577
3876829957
3876804725
3876719108
3876720696
3876683435
3875697928
3875627656
3875557671
3874836354
3874783488
3874116014
3872933545
3872232099
3871967655
3871943738
3871683559
3871655259
3871651615
3871557469
3870788784
3870023054
3869417437
3865139370
3865151242
3864966293
3864926839
3864887726
3863742175
3862976362
3858929088
3858735369
3857521962
3857468410
3857439692
3857421900
3857130336
3856597354
3856555469
3856400476
3856271533
3854484369
3854428959
3854401510
3854334704
3854281331
3852106568
3852026845
3851959749
3851113565
3851049024
3851017013
3850830148
3850543300
3850435964
3849618848
3849574531
3849553641
3849476787
3849453233
3848934329
3848396535
3847487186
3847458132
3847453273
3847426657
3847422800
3846946572
3846923713
3846860038
3846776039
3846750424
3846754716
3846717056
3846703192
3846700692
3846316591
3844965488
3844766775
3844727398
3844666450
3844632674
3843781346
3843605971
3843259469
3843229759
3843210152
3842250266
3842230399
3842211074
3841922128
3841832109
3841648773
