3878685482
3878690841
3878657110
3878627074
3877711988
3877691023
3874116735
3874094194
3874064461
3874052832
3874032817
3873986303
3873938447
3871926270
3871879134
3871658264
3871645492
3871556204
3870920501
3870864292
3870817586
3870796846
3870017753
3869989638
3869982754
3869948496
3869951148
3869931176
3869902196
3869866993
3868400626
3868362873
3868305392
3868265739
3868061198
3868005949
3867978703
3867982400
3867938559
3867924941
3866630026
3866567002
3863815907
3863769231
3863780738
3863723290
3863703122
3863682740
3863417821
3863106361
3862709331
3862714889
3862707509
3862706268
3862720867
3862679192
3862530656
3862455116
3862389893
3861575536
3861602852
3861555145
3861452519
3861395471
3861382227
3861299465
3861278386
3861242071
3861202183
3861152078
3861032801
3861012630
3860949016
3860749117
3860758038
3860762806
3860709802
3860064488
3860036394
3860033413
3860023938
3860004513
3860011966
3859863994
3859835071
3859786783
3859658470
3859612363
3859560835
3859426854
3859323874
3859244348
3859010971
3857835040
3856428277
3856395280
3856244310
3854057196
3849003937
3848364693
3878693080
3878685482
3863057405
3862907300
3862821345
3862802171
3862748951
3862052334
3861082991
3860053571
3860032942
3859995698
3804690111
3804618076
3803310066
3801875724
3801800082
3801225569
3799042026
3798406146
3798353982
3798332544
3798188087
3781660840
3778429536
3777874641
3777781717
3777421288
3776724553
3776719931
3776691891
3763767349
3763658777
3760953688
3760906769
3760864931
3760819332
3760752122
3760619211
3760563823
3760502227
3760400923
3760322732
3760274196
3759852641
3759805050
3759775826
3759780651
3759728502
3759684521
3759635670
3759605541
3759484623
3757616381
3757515193
3757501616
3757465392
3754443693
3754406117
3754358639
3754340957
3754302972
3754293244
3754262408
3754215361
3754173743
3754138546
3754105591
3753110674
3753070979
3752995986
3752963127
3752834886
3752748646
3750656641
3748709703
3745492429
3745448092
3745362966
3745345488
3745318131
3731068355
3728571588
3728521335
3728441180
3728376140
3728356463
3726587271
3726497039
3726407539
3726366892
3726347438
3726343809
3725081475
3725060681
3725030687
3724991305
3724950937
3717667610
3717562453
3878693080
3878692146
3878668729
3878649067
3878654654
3877491651
3877490669
3877439953
3877448858
3877463317
3780436447
3779695746
3777848580
3745155403
3745110338
3745056794
3721078076
3721026246
3720222800
3720221218
3720209589
3716924385
3716465592
3716452651
3716380420
3715993849
3715974601
3715944010
3715905298
3715862845
3715820257
3713866563
3713832893
3710126795
3710075391
3703762128
3703731194
3696570078
3696484183
3696438310
3689329303
3689287537
3688341229
3688210310
3686382690
3686301837
3680393561
3680338370
3679574233
3679562538
3679551571
3679505553
3679488905
3679330303
3679308451
3677569373
3677567332
3677531688
3677495943
3677420458
3677208656
3676748385
3676736116
3676751327
3674400661
3674386522
3673757898
3673116012
3673075103
3672951586
3672897986
3671866401
3671821815
3671520693
3671431192
3670982846
3670953301
3670887153
3669812462
3669755866
3669686982
3669671553
3668875575
3668841450
3663289512
3662752517
3662751121
3662728904
3662726997
3661437435
3661434850
3660386497
3656949705
3656355204
3656195940
3656079647
3656009112
3655865669
3655685355
3655626277
3878693080
3878685482
3863057405
3862907300
3862821345
3862802171
3862748951
3862052334
3861082991
3860053571
3860032942
3859995698
3804690111
3804618076
3803310066
3801875724
3801800082
3801225569
3799042026
3798406146
3798353982
3798332544
3798188087
3781660840
3778429536
3777874641
3777781717
3777421288
3776724553
3776719931
3776691891
3763767349
3763658777
3760953688
3760906769
3760864931
3760819332
3760752122
3760619211
3760563823
3760502227
3760400923
3760322732
3760274196
3759852641
3759805050
3759775826
3759780651
3759728502
3759684521
3759635670
3759605541
3759484623
3757616381
3757515193
3757501616
3757465392
3754443693
3754406117
3754358639
3754340957
3754302972
3754293244
3754262408
3754215361
3754173743
3754138546
3754105591
3753110674
3753070979
3752995986
3752963127
3752834886
3752748646
3750656641
3748709703
3745492429
3745448092
3745362966
3745345488
3745318131
3731068355
3728571588
3728521335
3728441180
3728376140
3728356463
3726587271
3726497039
3726407539
3726366892
3726347438
3726343809
3725081475
3725060681
3725030687
3724991305
3724950937
3717667610
3717562453
3878693080
3878692146
3878668729
3878649067
3878654654
3877491651
3877490669
3877439953
3877448858
3877463317
3780436447
3779695746
3777848580
3745155403
3745110338
3745056794
3721078076
3721026246
3720222800
3720221218
3720209589
3716924385
3716465592
3716452651
3716380420
3715993849
3715974601
3715944010
3715905298
3715862845
3715820257
3713866563
3713832893
3710126795
3710075391
3703762128
3703731194
3696570078
3696484183
3696438310
3689329303
3689287537
3688341229
3688210310
3686382690
3686301837
3680393561
3680338370
3679574233
3679562538
3679551571
3679505553
3679488905
3679330303
3679308451
3677569373
3677567332
3677531688
3677495943
3677420458
3677208656
3676748385
3676736116
3676751327
3674400661
3674386522
3673757898
3673116012
3673075103
3672951586
3672897986
3671866401
3671821815
3671520693
3671431192
3670982846
3670953301
3670887153
3669812462
3669755866
3669686982
3669671553
3668875575
3668841450
3663289512
3662752517
3662751121
3662728904
3662726997
3661437435
3661434850
3660386497
3656949705
3656355204
3656195940
3656079647
3656009112
3655865669
3655685355
3655626277
3878693080
3878685482
3863057405
3862907300
3862821345
3862802171
3862748951
3862052334
3861082991
3860053571
3860032942
3859995698
3804690111
3804618076
3803310066
3801875724
3801800082
3801225569
3799042026
3798406146
3798353982
3798332544
3798188087
3781660840
3778429536
3777874641
3777781717
3777421288
3776724553
3776719931
3776691891
3763767349
3763658777
3760953688
3760906769
3760864931
3760819332
3760752122
3760619211
3760563823
3760502227
3760400923
3760322732
3760274196
3759852641
3759805050
3759775826
3759780651
3759728502
3759684521
3759635670
3759605541
3759484623
3757616381
3757515193
3757501616
3757465392
3754443693
3754406117
3754358639
3754340957
3754302972
3754293244
3754262408
3754215361
3754173743
3754138546
3754105591
3753110674
3753070979
3752995986
3752963127
3752834886
3752748646
3750656641
3748709703
3745492429
3745448092
3745362966
3745345488
3745318131
3731068355
3728571588
3728521335
3728441180
3728376140
3728356463
3726587271
3726497039
3726407539
3726366892
3726347438
3726343809
3725081475
3725060681
3725030687
3724991305
3724950937
3717667610
3717562453
3878693080
3878692146
3878668729
3878649067
3878654654
3877491651
3877490669
3877439953
3877448858
3877463317
3780436447
3779695746
3777848580
3745155403
3745110338
3745056794
3721078076
3721026246
3720222800
3720221218
3720209589
3716924385
3716465592
3716452651
3716380420
3715993849
3715974601
3715944010
3715905298
3715862845
3715820257
3713866563
3713832893
3710126795
3710075391
3703762128
3703731194
3696570078
3696484183
3696438310
3689329303
3689287537
3688341229
3688210310
3686382690
3686301837
3680393561
3680338370
3679574233
3679562538
3679551571
3679505553
3679488905
3679330303
3679308451
3677569373
3677567332
3677531688
3677495943
3677420458
3677208656
3676748385
3676736116
3676751327
3674400661
3674386522
3673757898
3673116012
3673075103
3672951586
3672897986
3671866401
3671821815
3671520693
3671431192
3670982846
3670953301
3670887153
3669812462
3669755866
3669686982
3669671553
3668875575
3668841450
3663289512
3662752517
3662751121
3662728904
3662726997
3661437435
3661434850
3660386497
3656949705
3656355204
3656195940
3656079647
3656009112
3655865669
3655685355
3655626277
3878693080
3878685482
3863057405
3862907300
3862821345
3862802171
3862748951
3862052334
3861082991
3860053571
3860032942
3859995698
3804690111
3804618076
3803310066
3801875724
3801800082
3801225569
3799042026
3798406146
3798353982
3798332544
3798188087
3781660840
3778429536
3777874641
3777781717
3777421288
3776724553
3776719931
3776691891
3763767349
3763658777
3760953688
3760906769
3760864931
3760819332
3760752122
3760619211
3760563823
3760502227
3760400923
3760322732
3760274196
3759852641
3759805050
3759775826
3759780651
3759728502
3759684521
3759635670
3759605541
3759484623
3757616381
3757515193
3757501616
3757465392
3754443693
3754406117
3754358639
3754340957
3754302972
3754293244
3754262408
3754215361
3754173743
3754138546
3754105591
3753110674
3753070979
3752995986
3752963127
3752834886
3752748646
3750656641
3748709703
3745492429
3745448092
3745362966
3745345488
3745318131
3731068355
3728571588
3728521335
3728441180
3728376140
3728356463
3726587271
3726497039
3726407539
3726366892
3726347438
3726343809
3725081475
3725060681
3725030687
3724991305
3724950937
3717667610
3717562453
3878693080
3878692146
3878668729
3878649067
3878654654
3877491651
3877490669
3877439953
3877448858
3877463317
3780436447
3779695746
3777848580
3745155403
3745110338
3745056794
3721078076
3721026246
3720222800
3720221218
3720209589
3716924385
3716465592
3716452651
3716380420
3715993849
3715974601
3715944010
3715905298
3715862845
3715820257
3713866563
3713832893
3710126795
3710075391
3703762128
3703731194
3696570078
3696484183
3696438310
3689329303
3689287537
3688341229
3688210310
3686382690
3686301837
3680393561
3680338370
3679574233
3679562538
3679551571
3679505553
3679488905
3679330303
3679308451
3677569373
3677567332
3677531688
3677495943
3677420458
3677208656
3676748385
3676736116
3676751327
3674400661
3674386522
3673757898
3673116012
3673075103
3672951586
3672897986
3671866401
3671821815
3671520693
3671431192
3670982846
3670953301
3670887153
3669812462
3669755866
3669686982
3669671553
3668875575
3668841450
3663289512
3662752517
3662751121
3662728904
3662726997
3661437435
3661434850
3660386497
3656949705
3656355204
3656195940
3656079647
3656009112
3655865669
3655685355
3655626277
3878693080
3878685482
3863057405
3862907300
3862821345
3862802171
3862748951
3862052334
3861082991
3860053571
3860032942
3859995698
3804690111
3804618076
3803310066
3801875724
3801800082
3801225569
3799042026
3798406146
3798353982
3798332544
3798188087
3781660840
3778429536
3777874641
3777781717
3777421288
3776724553
3776719931
3776691891
3763767349
3763658777
3760953688
3760906769
3760864931
3760819332
3760752122
3760619211
3760563823
3760502227
3760400923
3760322732
3760274196
3759852641
3759805050
3759775826
3759780651
3759728502
3759684521
3759635670
3759605541
3759484623
3757616381
3757515193
3757501616
3757465392
3754443693
3754406117
3754358639
3754340957
3754302972
3754293244
3754262408
3754215361
3754173743
3754138546
3754105591
3753110674
3753070979
3752995986
3752963127
3752834886
3752748646
3750656641
3748709703
3745492429
3745448092
3745362966
3745345488
3745318131
3731068355
3728571588
3728521335
3728441180
3728376140
3728356463
3726587271
3726497039
3726407539
3726366892
3726347438
3726343809
3725081475
3725060681
3725030687
3724991305
3724950937
3717667610
3717562453
3878693080
3878692146
3878668729
3878649067
3878654654
3877491651
3877490669
3877439953
3877448858
3877463317
3780436447
3779695746
3777848580
3745155403
3745110338
3745056794
3721078076
3721026246
3720222800
3720221218
3720209589
3716924385
3716465592
3716452651
3716380420
3715993849
3715974601
3715944010
3715905298
3715862845
3715820257
3713866563
3713832893
3710126795
3710075391
3703762128
3703731194
3696570078
3696484183
3696438310
3689329303
3689287537
3688341229
3688210310
3686382690
3686301837
3680393561
3680338370
3679574233
3679562538
3679551571
3679505553
3679488905
3679330303
3679308451
3677569373
3677567332
3677531688
3677495943
3677420458
3677208656
3676748385
3676736116
3676751327
3674400661
3674386522
3673757898
3673116012
3673075103
3672951586
3672897986
3671866401
3671821815
3671520693
3671431192
3670982846
3670953301
3670887153
3669812462
3669755866
3669686982
3669671553
3668875575
3668841450
3663289512
3662752517
3662751121
3662728904
3662726997
3661437435
3661434850
3660386497
3656949705
3656355204
3656195940
3656079647
3656009112
3655865669
3655685355
3655626277
3878693080
3878685482
3863057405
3862907300
3862821345
3862802171
3862748951
3862052334
3861082991
3860053571
3860032942
3859995698
3804690111
3804618076
3803310066
3801875724
3801800082
3801225569
3799042026
3798406146
3798353982
3798332544
3798188087
3781660840
3778429536
3777874641
3777781717
3777421288
3776724553
3776719931
3776691891
3763767349
3763658777
3760953688
3760906769
3760864931
3760819332
3760752122
3760619211
3760563823
3760502227
3760400923
3760322732
3760274196
3759852641
3759805050
3759775826
3759780651
3759728502
3759684521
3759635670
3759605541
3759484623
3757616381
3757515193
3757501616
3757465392
3754443693
3754406117
3754358639
3754340957
3754302972
3754293244
3754262408
3754215361
3754173743
3754138546
3754105591
3753110674
3753070979
3752995986
3752963127
3752834886
3752748646
3750656641
3748709703
3745492429
3745448092
3745362966
3745345488
3745318131
3731068355
3728571588
3728521335
3728441180
3728376140
3728356463
3726587271
3726497039
3726407539
3726366892
3726347438
3726343809
3725081475
3725060681
3725030687
3724991305
3724950937
3717667610
3717562453
3878693080
3878692146
3878668729
3878649067
3878654654
3877491651
3877490669
3877439953
3877448858
3877463317
3780436447
3779695746
3777848580
3745155403
3745110338
3745056794
3721078076
3721026246
3720222800
3720221218
3720209589
3716924385
3716465592
3716452651
3716380420
3715993849
3715974601
3715944010
3715905298
3715862845
3715820257
3713866563
3713832893
3710126795
3710075391
3703762128
3703731194
3696570078
3696484183
3696438310
3689329303
3689287537
3688341229
3688210310
3686382690
3686301837
3680393561
3680338370
3679574233
3679562538
3679551571
3679505553
3679488905
3679330303
3679308451
3677569373
3677567332
3677531688
3677495943
3677420458
3677208656
3676748385
3676736116
3676751327
3674400661
3674386522
3673757898
3673116012
3673075103
3672951586
3672897986
3671866401
3671821815
3671520693
3671431192
3670982846
3670953301
3670887153
3669812462
3669755866
3669686982
3669671553
3668875575
3668841450
3663289512
3662752517
3662751121
3662728904
3662726997
3661437435
3661434850
3660386497
3656949705
3656355204
3656195940
3656079647
3656009112
3655865669
3655685355
3655626277
3878693080
3878685482
3863057405
3862907300
3862821345
3862802171
3862748951
3862052334
3861082991
3860053571
3860032942
3859995698
3804690111
3804618076
3803310066
3801875724
3801800082
3801225569
3799042026
3798406146
3798353982
3798332544
3798188087
3781660840
3778429536
3777874641
3777781717
3777421288
3776724553
3776719931
3776691891
3763767349
3763658777
3760953688
3760906769
3760864931
3760819332
3760752122
3760619211
3760563823
3760502227
3760400923
3760322732
3760274196
3759852641
3759805050
3759775826
3759780651
3759728502
3759684521
3759635670
3759605541
3759484623
3757616381
3757515193
3757501616
3757465392
3754443693
3754406117
3754358639
3754340957
3754302972
3754293244
3754262408
3754215361
3754173743
3754138546
3754105591
3753110674
3753070979
3752995986
3752963127
3752834886
3752748646
3750656641
3748709703
3745492429
3745448092
3745362966
3745345488
3745318131
3731068355
3728571588
3728521335
3728441180
3728376140
3728356463
3726587271
3726497039
3726407539
3726366892
3726347438
3726343809
3725081475
3725060681
3725030687
3724991305
3724950937
3717667610
3717562453
3878693080
3878692146
3878668729
3878649067
3878654654
3877491651
3877490669
3877439953
3877448858
3877463317
3780436447
3779695746
3777848580
3745155403
3745110338
3745056794
3721078076
3721026246
3720222800
3720221218
3720209589
3716924385
3716465592
3716452651
3716380420
3715993849
3715974601
3715944010
3715905298
3715862845
3715820257
3713866563
3713832893
3710126795
3710075391
3703762128
3703731194
3696570078
3696484183
3696438310
3689329303
3689287537
3688341229
3688210310
3686382690
3686301837
3680393561
3680338370
3679574233
3679562538
3679551571
3679505553
3679488905
3679330303
3679308451
3677569373
3677567332
3677531688
3677495943
3677420458
3677208656
3676748385
3676736116
3676751327
3674400661
3674386522
3673757898
3673116012
3673075103
3672951586
3672897986
3671866401
3671821815
3671520693
3671431192
3670982846
3670953301
3670887153
3669812462
3669755866
3669686982
3669671553
3668875575
3668841450
3663289512
3662752517
3662751121
3662728904
3662726997
3661437435
3661434850
3660386497
3656949705
3656355204
3656195940
3656079647
3656009112
3655865669
3655685355
3655626277
3878693080
3878685482
3863057405
3862907300
3862821345
3862802171
3862748951
3862052334
3861082991
3860053571
3860032942
3859995698
3804690111
3804618076
3803310066
3801875724
3801800082
3801225569
3799042026
3798406146
3798353982
3798332544
3798188087
3781660840
3778429536
3777874641
3777781717
3777421288
3776724553
3776719931
3776691891
3763767349
3763658777
3760953688
3760906769
3760864931
3760819332
3760752122
3760619211
3760563823
3760502227
3760400923
3760322732
3760274196
3759852641
3759805050
3759775826
3759780651
3759728502
3759684521
3759635670
3759605541
3759484623
3757616381
3757515193
3757501616
3757465392
3754443693
3754406117
3754358639
3754340957
3754302972
3754293244
3754262408
3754215361
3754173743
3754138546
3754105591
3753110674
3753070979
3752995986
3752963127
3752834886
3752748646
3750656641
3748709703
3745492429
3745448092
3745362966
3745345488
3745318131
3731068355
3728571588
3728521335
3728441180
3728376140
3728356463
3726587271
3726497039
3726407539
3726366892
3726347438
3726343809
3725081475
3725060681
3725030687
3724991305
3724950937
3717667610
3717562453
3878693080
3878692146
3878668729
3878649067
3878654654
3877491651
3877490669
3877439953
3877448858
3877463317
3780436447
3779695746
3777848580
3745155403
3745110338
3745056794
3721078076
3721026246
3720222800
3720221218
3720209589
3716924385
3716465592
3716452651
3716380420
3715993849
3715974601
3715944010
3715905298
3715862845
3715820257
3713866563
3713832893
3710126795
3710075391
3703762128
3703731194
3696570078
3696484183
3696438310
3689329303
3689287537
3688341229
3688210310
3686382690
3686301837
3680393561
3680338370
3679574233
3679562538
3679551571
3679505553
3679488905
3679330303
3679308451
3677569373
3677567332
3677531688
3677495943
3677420458
3677208656
3676748385
3676736116
3676751327
3674400661
3674386522
3673757898
3673116012
3673075103
3672951586
3672897986
3671866401
3671821815
3671520693
3671431192
3670982846
3670953301
3670887153
3669812462
3669755866
3669686982
3669671553
3668875575
3668841450
3663289512
3662752517
3662751121
3662728904
3662726997
3661437435
3661434850
3660386497
3656949705
3656355204
3656195940
3656079647
3656009112
3655865669
3655685355
3655626277
3878693080
3878685482
3863057405
3862907300
3862821345
3862802171
3862748951
3862052334
3861082991
3860053571
3860032942
3859995698
3804690111
3804618076
3803310066
3801875724
3801800082
3801225569
3799042026
3798406146
3798353982
3798332544
3798188087
3781660840
3778429536
3777874641
3777781717
3777421288
3776724553
3776719931
3776691891
3763767349
3763658777
3760953688
3760906769
3760864931
3760819332
3760752122
3760619211
3760563823
3760502227
3760400923
3760322732
3760274196
3759852641
3759805050
3759775826
3759780651
3759728502
3759684521
3759635670
3759605541
3759484623
3757616381
3757515193
3757501616
3757465392
3754443693
3754406117
3754358639
3754340957
3754302972
3754293244
3754262408
3754215361
3754173743
3754138546
3754105591
3753110674
3753070979
3752995986
3752963127
3752834886
3752748646
3750656641
3748709703
3745492429
3745448092
3745362966
3745345488
3745318131
3731068355
3728571588
3728521335
3728441180
3728376140
3728356463
3726587271
3726497039
3726407539
3726366892
3726347438
3726343809
3725081475
3725060681
3725030687
3724991305
3724950937
3717667610
3717562453
3878693080
3878692146
3878668729
3878649067
3878654654
3877491651
3877490669
3877439953
3877448858
3877463317
3780436447
3779695746
3777848580
3745155403
3745110338
3745056794
3721078076
3721026246
3720222800
3720221218
3720209589
3716924385
3716465592
3716452651
3716380420
3715993849
3715974601
3715944010
3715905298
3715862845
3715820257
3713866563
3713832893
3710126795
3710075391
3703762128
3703731194
3696570078
3696484183
3696438310
3689329303
3689287537
3688341229
3688210310
3686382690
3686301837
3680393561
3680338370
3679574233
3679562538
3679551571
3679505553
3679488905
3679330303
3679308451
3677569373
3677567332
3677531688
3677495943
3677420458
3677208656
3676748385
3676736116
3676751327
3674400661
3674386522
3673757898
3673116012
3673075103
3672951586
3672897986
3671866401
3671821815
3671520693
3671431192
3670982846
3670953301
3670887153
3669812462
3669755866
3669686982
3669671553
3668875575
3668841450
3663289512
3662752517
3662751121
3662728904
3662726997
3661437435
3661434850
3660386497
3656949705
3656355204
3656195940
3656079647
3656009112
3655865669
3655685355
3655626277
3878693080
3878685482
3863057405
3862907300
3862821345
3862802171
3862748951
3862052334
3861082991
3860053571
3860032942
3859995698
3804690111
3804618076
3803310066
3801875724
3801800082
3801225569
3799042026
3798406146
3798353982
3798332544
3798188087
3781660840
3778429536
3777874641
3777781717
3777421288
3776724553
3776719931
3776691891
3763767349
3763658777
3760953688
3760906769
3760864931
3760819332
3760752122
3760619211
3760563823
3760502227
3760400923
3760322732
3760274196
3759852641
3759805050
3759775826
3759780651
3759728502
3759684521
3759635670
3759605541
3759484623
3757616381
3757515193
3757501616
3757465392
3754443693
3754406117
3754358639
3754340957
3754302972
3754293244
3754262408
3754215361
3754173743
3754138546
3754105591
3753110674
3753070979
3752995986
3752963127
3752834886
3752748646
3750656641
3748709703
3745492429
3745448092
3745362966
3745345488
3745318131
3731068355
3728571588
3728521335
3728441180
3728376140
3728356463
3726587271
3726497039
3726407539
3726366892
3726347438
3726343809
3725081475
3725060681
3725030687
3724991305
3724950937
3717667610
3717562453
3878693080
3878692146
3878668729
3878649067
3878654654
3877491651
3877490669
3877439953
3877448858
3877463317
3780436447
3779695746
3777848580
3745155403
3745110338
3745056794
3721078076
3721026246
3720222800
3720221218
3720209589
3716924385
3716465592
3716452651
3716380420
3715993849
3715974601
3715944010
3715905298
3715862845
3715820257
3713866563
3713832893
3710126795
3710075391
3703762128
3703731194
3696570078
3696484183
3696438310
3689329303
3689287537
3688341229
3688210310
3686382690
3686301837
3680393561
3680338370
3679574233
3679562538
3679551571
3679505553
3679488905
3679330303
3679308451
3677569373
3677567332
3677531688
3677495943
3677420458
3677208656
3676748385
3676736116
3676751327
3674400661
3674386522
3673757898
3673116012
3673075103
3672951586
3672897986
3671866401
3671821815
3671520693
3671431192
3670982846
3670953301
3670887153
3669812462
3669755866
3669686982
3669671553
3668875575
3668841450
3663289512
3662752517
3662751121
3662728904
3662726997
3661437435
3661434850
3660386497
3656949705
3656355204
3656195940
3656079647
3656009112
3655865669
3655685355
3655626277
3878693080
3878685482
3863057405
3862907300
3862821345
3862802171
3862748951
3862052334
3861082991
3860053571
3860032942
3859995698
3804690111
3804618076
3803310066
3801875724
3801800082
3801225569
3799042026
3798406146
3798353982
3798332544
3798188087
3781660840
3778429536
3777874641
3777781717
3777421288
3776724553
3776719931
3776691891
3763767349
3763658777
3760953688
3760906769
3760864931
3760819332
3760752122
3760619211
3760563823
3760502227
3760400923
3760322732
3760274196
3759852641
3759805050
3759775826
3759780651
3759728502
3759684521
3759635670
3759605541
3759484623
3757616381
3757515193
3757501616
3757465392
3754443693
3754406117
3754358639
3754340957
3754302972
3754293244
3754262408
3754215361
3754173743
3754138546
3754105591
3753110674
3753070979
3752995986
3752963127
3752834886
3752748646
3750656641
3748709703
3745492429
3745448092
3745362966
3745345488
3745318131
3731068355
3728571588
3728521335
3728441180
3728376140
3728356463
3726587271
3726497039
3726407539
3726366892
3726347438
3726343809
3725081475
3725060681
3725030687
3724991305
3724950937
3717667610
3717562453
3878693080
3878692146
3878668729
3878649067
3878654654
3877491651
3877490669
3877439953
3877448858
3877463317
3780436447
3779695746
3777848580
3745155403
3745110338
3745056794
3721078076
3721026246
3720222800
3720221218
3720209589
3716924385
3716465592
3716452651
3716380420
3715993849
3715974601
3715944010
3715905298
3715862845
3715820257
3713866563
3713832893
3710126795
3710075391
3703762128
3703731194
3696570078
3696484183
3696438310
3689329303
3689287537
3688341229
3688210310
3686382690
3686301837
3680393561
3680338370
3679574233
3679562538
3679551571
3679505553
3679488905
3679330303
3679308451
3677569373
3677567332
3677531688
3677495943
3677420458
3677208656
3676748385
3676736116
3676751327
3674400661
3674386522
3673757898
3673116012
3673075103
3672951586
3672897986
3671866401
3671821815
3671520693
3671431192
3670982846
3670953301
3670887153
3669812462
3669755866
3669686982
3669671553
3668875575
3668841450
3663289512
3662752517
3662751121
3662728904
3662726997
3661437435
3661434850
3660386497
3656949705
3656355204
3656195940
3656079647
3656009112
3655865669
3655685355
3655626277
3878693080
3878685482
3863057405
3862907300
3862821345
3862802171
3862748951
3862052334
3861082991
3860053571
3860032942
3859995698
3804690111
3804618076
3803310066
3801875724
3801800082
3801225569
3799042026
3798406146
3798353982
3798332544
3798188087
3781660840
3778429536
3777874641
3777781717
3777421288
3776724553
3776719931
3776691891
3763767349
3763658777
3760953688
3760906769
3760864931
3760819332
3760752122
3760619211
3760563823
3760502227
3760400923
3760322732
3760274196
3759852641
3759805050
3759775826
3759780651
3759728502
3759684521
3759635670
3759605541
3759484623
3757616381
3757515193
3757501616
3757465392
3754443693
3754406117
3754358639
3754340957
3754302972
3754293244
3754262408
3754215361
3754173743
3754138546
3754105591
3753110674
3753070979
3752995986
3752963127
3752834886
3752748646
3750656641
3748709703
3745492429
3745448092
3745362966
3745345488
3745318131
3731068355
3728571588
3728521335
3728441180
3728376140
3728356463
3726587271
3726497039
3726407539
3726366892
3726347438
3726343809
3725081475
3725060681
3725030687
3724991305
3724950937
3717667610
3717562453
3878693080
3878692146
3878668729
3878649067
3878654654
3877491651
3877490669
3877439953
3877448858
3877463317
3780436447
3779695746
3777848580
3745155403
3745110338
3745056794
3721078076
3721026246
3720222800
3720221218
3720209589
3716924385
3716465592
3716452651
3716380420
3715993849
3715974601
3715944010
3715905298
3715862845
3715820257
3713866563
3713832893
3710126795
3710075391
3703762128
3703731194
3696570078
3696484183
3696438310
3689329303
3689287537
3688341229
3688210310
3686382690
3686301837
3680393561
3680338370
3679574233
3679562538
3679551571
3679505553
3679488905
3679330303
3679308451
3677569373
3677567332
3677531688
3677495943
3677420458
3677208656
3676748385
3676736116
3676751327
3674400661
3674386522
3673757898
3673116012
3673075103
3672951586
3672897986
3671866401
3671821815
3671520693
3671431192
3670982846
3670953301
3670887153
3669812462
3669755866
3669686982
3669671553
3668875575
3668841450
3663289512
3662752517
3662751121
3662728904
3662726997
3661437435
3661434850
3660386497
3656949705
3656355204
3656195940
3656079647
3656009112
3655865669
3655685355
3655626277
3878693080
3878685482
3863057405
3862907300
3862821345
3862802171
3862748951
3862052334
3861082991
3860053571
3860032942
3859995698
3804690111
3804618076
3803310066
3801875724
3801800082
3801225569
3799042026
3798406146
3798353982
3798332544
3798188087
3781660840
3778429536
3777874641
3777781717
3777421288
3776724553
3776719931
3776691891
3763767349
3763658777
3760953688
3760906769
3760864931
3760819332
3760752122
3760619211
3760563823
3760502227
3760400923
3760322732
3760274196
3759852641
3759805050
3759775826
3759780651
3759728502
3759684521
3759635670
3759605541
3759484623
3757616381
3757515193
3757501616
3757465392
3754443693
3754406117
3754358639
3754340957
3754302972
3754293244
3754262408
3754215361
3754173743
3754138546
3754105591
3753110674
3753070979
3752995986
3752963127
3752834886
3752748646
3750656641
3748709703
3745492429
3745448092
3745362966
3745345488
3745318131
3731068355
3728571588
3728521335
3728441180
3728376140
3728356463
3726587271
3726497039
3726407539
3726366892
3726347438
3726343809
3725081475
3725060681
3725030687
3724991305
3724950937
3717667610
3717562453
3878693080
3878692146
3878668729
3878649067
3878654654
3877491651
3877490669
3877439953
3877448858
3877463317
3780436447
3779695746
3777848580
3745155403
3745110338
3745056794
3721078076
3721026246
3720222800
3720221218
3720209589
3716924385
3716465592
3716452651
3716380420
3715993849
3715974601
3715944010
3715905298
3715862845
3715820257
3713866563
3713832893
3710126795
3710075391
3703762128
3703731194
3696570078
3696484183
3696438310
3689329303
3689287537
3688341229
3688210310
3686382690
3686301837
3680393561
3680338370
3679574233
3679562538
3679551571
3679505553
3679488905
3679330303
3679308451
3677569373
3677567332
3677531688
3677495943
3677420458
3677208656
3676748385
3676736116
3676751327
3674400661
3674386522
3673757898
3673116012
3673075103
3672951586
3672897986
3671866401
3671821815
3671520693
3671431192
3670982846
3670953301
3670887153
3669812462
3669755866
3669686982
3669671553
3668875575
3668841450
3663289512
3662752517
3662751121
3662728904
3662726997
3661437435
3661434850
3660386497
3656949705
3656355204
3656195940
3656079647
3656009112
3655865669
3655685355
3655626277
3878693080
3878685482
3863057405
3862907300
3862821345
3862802171
3862748951
3862052334
3861082991
3860053571
3860032942
3859995698
3804690111
3804618076
3803310066
3801875724
3801800082
3801225569
3799042026
3798406146
3798353982
3798332544
3798188087
3781660840
3778429536
3777874641
3777781717
3777421288
3776724553
3776719931
3776691891
3763767349
3763658777
3760953688
3760906769
3760864931
3760819332
3760752122
3760619211
3760563823
3760502227
3760400923
3760322732
3760274196
3759852641
3759805050
3759775826
3759780651
3759728502
3759684521
3759635670
3759605541
3759484623
3757616381
3757515193
3757501616
3757465392
3754443693
3754406117
3754358639
3754340957
3754302972
3754293244
3754262408
3754215361
3754173743
3754138546
3754105591
3753110674
3753070979
3752995986
3752963127
3752834886
3752748646
3750656641
3748709703
3745492429
3745448092
3745362966
3745345488
3745318131
3731068355
3728571588
3728521335
3728441180
3728376140
3728356463
3726587271
3726497039
3726407539
3726366892
3726347438
3726343809
3725081475
3725060681
3725030687
3724991305
3724950937
3717667610
3717562453
3878693080
3878692146
3878668729
3878649067
3878654654
3877491651
3877490669
3877439953
3877448858
3877463317
3780436447
3779695746
3777848580
3745155403
3745110338
3745056794
3721078076
3721026246
3720222800
3720221218
3720209589
3716924385
3716465592
3716452651
3716380420
3715993849
3715974601
3715944010
3715905298
3715862845
3715820257
3713866563
3713832893
3710126795
3710075391
3703762128
3703731194
3696570078
3696484183
3696438310
3689329303
3689287537
3688341229
3688210310
3686382690
3686301837
3680393561
3680338370
3679574233
3679562538
3679551571
3679505553
3679488905
3679330303
3679308451
3677569373
3677567332
3677531688
3677495943
3677420458
3677208656
3676748385
3676736116
3676751327
3674400661
3674386522
3673757898
3673116012
3673075103
3672951586
3672897986
3671866401
3671821815
3671520693
3671431192
3670982846
3670953301
3670887153
3669812462
3669755866
3669686982
3669671553
3668875575
3668841450
3663289512
3662752517
3662751121
3662728904
3662726997
3661437435
3661434850
3660386497
3656949705
3656355204
3656195940
3656079647
3656009112
3655865669
3655685355
3655626277
3878693080
3878685482
3863057405
3862907300
3862821345
3862802171
3862748951
3862052334
3861082991
3860053571
3860032942
3859995698
3804690111
3804618076
3803310066
3801875724
3801800082
3801225569
3799042026
3798406146
3798353982
3798332544
3798188087
3781660840
3778429536
3777874641
3777781717
3777421288
3776724553
3776719931
3776691891
3763767349
3763658777
3760953688
3760906769
3760864931
3760819332
3760752122
3760619211
3760563823
3760502227
3760400923
3760322732
3760274196
3759852641
3759805050
3759775826
3759780651
3759728502
3759684521
3759635670
3759605541
3759484623
3757616381
3757515193
3757501616
3757465392
3754443693
3754406117
3754358639
3754340957
3754302972
3754293244
3754262408
3754215361
3754173743
3754138546
3754105591
3753110674
3753070979
3752995986
3752963127
3752834886
3752748646
3750656641
3748709703
3745492429
3745448092
3745362966
3745345488
3745318131
3731068355
3728571588
3728521335
3728441180
3728376140
3728356463
3726587271
3726497039
3726407539
3726366892
3726347438
3726343809
3725081475
3725060681
3725030687
3724991305
3724950937
3717667610
3717562453
3878693080
3878692146
3878668729
3878649067
3878654654
3877491651
3877490669
3877439953
3877448858
3877463317
3780436447
3779695746
3777848580
3745155403
3745110338
3745056794
3721078076
3721026246
3720222800
3720221218
3720209589
3716924385
3716465592
3716452651
3716380420
3715993849
3715974601
3715944010
3715905298
3715862845
3715820257
3713866563
3713832893
3710126795
3710075391
3703762128
3703731194
3696570078
3696484183
3696438310
3689329303
3689287537
3688341229
3688210310
3686382690
3686301837
3680393561
3680338370
3679574233
3679562538
3679551571
3679505553
3679488905
3679330303
3679308451
3677569373
3677567332
3677531688
3677495943
3677420458
3677208656
3676748385
3676736116
3676751327
3674400661
3674386522
3673757898
3673116012
3673075103
3672951586
3672897986
3671866401
3671821815
3671520693
3671431192
3670982846
3670953301
3670887153
3669812462
3669755866
3669686982
3669671553
3668875575
3668841450
3663289512
3662752517
3662751121
3662728904
3662726997
3661437435
3661434850
3660386497
3656949705
3656355204
3656195940
3656079647
3656009112
3655865669
3655685355
3655626277
3878693080
3878685482
3863057405
3862907300
3862821345
3862802171
3862748951
3862052334
3861082991
3860053571
3860032942
3859995698
3804690111
3804618076
3803310066
3801875724
3801800082
3801225569
3799042026
3798406146
3798353982
3798332544
3798188087
3781660840
3778429536
3777874641
3777781717
3777421288
3776724553
3776719931
3776691891
3763767349
3763658777
3760953688
3760906769
3760864931
3760819332
3760752122
3760619211
3760563823
3760502227
3760400923
3760322732
3760274196
3759852641
3759805050
3759775826
3759780651
3759728502
3759684521
3759635670
3759605541
3759484623
3757616381
3757515193
3757501616
3757465392
3754443693
3754406117
3754358639
3754340957
3754302972
3754293244
3754262408
3754215361
3754173743
3754138546
3754105591
3753110674
3753070979
3752995986
3752963127
3752834886
3752748646
3750656641
3748709703
3745492429
3745448092
3745362966
3745345488
3745318131
3731068355
3728571588
3728521335
3728441180
3728376140
3728356463
3726587271
3726497039
3726407539
3726366892
3726347438
3726343809
3725081475
3725060681
3725030687
3724991305
3724950937
3717667610
3717562453
3878693080
3878692146
3878668729
3878649067
3878654654
3877491651
3877490669
3877439953
3877448858
3877463317
3780436447
3779695746
3777848580
3745155403
3745110338
3745056794
3721078076
3721026246
3720222800
3720221218
3720209589
3716924385
3716465592
3716452651
3716380420
3715993849
3715974601
3715944010
3715905298
3715862845
3715820257
3713866563
3713832893
3710126795
3710075391
3703762128
3703731194
3696570078
3696484183
3696438310
3689329303
3689287537
3688341229
3688210310
3686382690
3686301837
3680393561
3680338370
3679574233
3679562538
3679551571
3679505553
3679488905
3679330303
3679308451
3677569373
3677567332
3677531688
3677495943
3677420458
3677208656
3676748385
3676736116
3676751327
3674400661
3674386522
3673757898
3673116012
3673075103
3672951586
3672897986
3671866401
3671821815
3671520693
3671431192
3670982846
3670953301
3670887153
3669812462
3669755866
3669686982
3669671553
3668875575
3668841450
3663289512
3662752517
3662751121
3662728904
3662726997
3661437435
3661434850
3660386497
3656949705
3656355204
3656195940
3656079647
3656009112
3655865669
3655685355
3655626277
3878693080
3878685482
3863057405
3862907300
3862821345
3862802171
3862748951
3862052334
3861082991
3860053571
3860032942
3859995698
3804690111
3804618076
3803310066
3801875724
3801800082
3801225569
3799042026
3798406146
3798353982
3798332544
3798188087
3781660840
3778429536
3777874641
3777781717
3777421288
3776724553
3776719931
3776691891
3763767349
3763658777
3760953688
3760906769
3760864931
3760819332
3760752122
3760619211
3760563823
3760502227
3760400923
3760322732
3760274196
3759852641
3759805050
3759775826
3759780651
3759728502
3759684521
3759635670
3759605541
3759484623
3757616381
3757515193
3757501616
3757465392
3754443693
3754406117
3754358639
3754340957
3754302972
3754293244
3754262408
3754215361
3754173743
3754138546
3754105591
3753110674
3753070979
3752995986
3752963127
3752834886
3752748646
3750656641
3748709703
3745492429
3745448092
3745362966
3745345488
3745318131
3731068355
3728571588
3728521335
3728441180
3728376140
3728356463
3726587271
3726497039
3726407539
3726366892
3726347438
3726343809
3725081475
3725060681
3725030687
3724991305
3724950937
3717667610
3717562453
3878693080
3878692146
3878668729
3878649067
3878654654
3877491651
3877490669
3877439953
3877448858
3877463317
3780436447
3779695746
3777848580
3745155403
3745110338
3745056794
3721078076
3721026246
3720222800
3720221218
3720209589
3716924385
3716465592
3716452651
3716380420
3715993849
3715974601
3715944010
3715905298
3715862845
3715820257
3713866563
3713832893
3710126795
3710075391
3703762128
3703731194
3696570078
3696484183
3696438310
3689329303
3689287537
3688341229
3688210310
3686382690
3686301837
3680393561
3680338370
3679574233
3679562538
3679551571
3679505553
3679488905
3679330303
3679308451
3677569373
3677567332
3677531688
3677495943
3677420458
3677208656
3676748385
3676736116
3676751327
3674400661
3674386522
3673757898
3673116012
3673075103
3672951586
3672897986
3671866401
3671821815
3671520693
3671431192
3670982846
3670953301
3670887153
3669812462
3669755866
3669686982
3669671553
3668875575
3668841450
3663289512
3662752517
3662751121
3662728904
3662726997
3661437435
3661434850
3660386497
3656949705
3656355204
3656195940
3656079647
3656009112
3655865669
3655685355
3655626277
3878693080
3878685482
3863057405
3862907300
3862821345
3862802171
3862748951
3862052334
3861082991
3860053571
3860032942
3859995698
3804690111
3804618076
3803310066
3801875724
3801800082
3801225569
3799042026
3798406146
3798353982
3798332544
3798188087
3781660840
3778429536
3777874641
3777781717
3777421288
3776724553
3776719931
3776691891
3763767349
3763658777
3760953688
3760906769
3760864931
3760819332
3760752122
3760619211
3760563823
3760502227
3760400923
3760322732
3760274196
3759852641
3759805050
3759775826
3759780651
3759728502
3759684521
3759635670
3759605541
3759484623
3757616381
3757515193
3757501616
3757465392
3754443693
3754406117
3754358639
3754340957
3754302972
3754293244
3754262408
3754215361
3754173743
3754138546
3754105591
3753110674
3753070979
3752995986
3752963127
3752834886
3752748646
3750656641
3748709703
3745492429
3745448092
3745362966
3745345488
3745318131
3731068355
3728571588
3728521335
3728441180
3728376140
3728356463
3726587271
3726497039
3726407539
3726366892
3726347438
3726343809
3725081475
3725060681
3725030687
3724991305
3724950937
3717667610
3717562453
3878693080
3878692146
3878668729
3878649067
3878654654
3877491651
3877490669
3877439953
3877448858
3877463317
3780436447
3779695746
3777848580
3745155403
3745110338
3745056794
3721078076
3721026246
3720222800
3720221218
3720209589
3716924385
3716465592
3716452651
3716380420
3715993849
3715974601
3715944010
3715905298
3715862845
3715820257
3713866563
3713832893
3710126795
3710075391
3703762128
3703731194
3696570078
3696484183
3696438310
3689329303
3689287537
3688341229
3688210310
3686382690
3686301837
3680393561
3680338370
3679574233
3679562538
3679551571
3679505553
3679488905
3679330303
3679308451
3677569373
3677567332
3677531688
3677495943
3677420458
3677208656
3676748385
3676736116
3676751327
3674400661
3674386522
3673757898
3673116012
3673075103
3672951586
3672897986
3671866401
3671821815
3671520693
3671431192
3670982846
3670953301
3670887153
3669812462
3669755866
3669686982
3669671553
3668875575
3668841450
3663289512
3662752517
3662751121
3662728904
3662726997
3661437435
3661434850
3660386497
3656949705
3656355204
3656195940
3656079647
3656009112
3655865669
3655685355
3655626277
3878693080
3878685482
3863057405
3862907300
3862821345
3862802171
3862748951
3862052334
3861082991
3860053571
3860032942
3859995698
3804690111
3804618076
3803310066
3801875724
3801800082
3801225569
3799042026
3798406146
3798353982
3798332544
3798188087
3781660840
3778429536
3777874641
3777781717
3777421288
3776724553
3776719931
3776691891
3763767349
3763658777
3760953688
3760906769
3760864931
3760819332
3760752122
3760619211
3760563823
3760502227
3760400923
3760322732
3760274196
3759852641
3759805050
3759775826
3759780651
3759728502
3759684521
3759635670
3759605541
3759484623
3757616381
3757515193
3757501616
3757465392
3754443693
3754406117
3754358639
3754340957
3754302972
3754293244
3754262408
3754215361
3754173743
3754138546
3754105591
3753110674
3753070979
3752995986
3752963127
3752834886
3752748646
3750656641
3748709703
3745492429
3745448092
3745362966
3745345488
3745318131
3731068355
3728571588
3728521335
3728441180
3728376140
3728356463
3726587271
3726497039
3726407539
3726366892
3726347438
3726343809
3725081475
3725060681
3725030687
3724991305
3724950937
3717667610
3717562453
3878693080
3878692146
3878668729
3878649067
3878654654
3877491651
3877490669
3877439953
3877448858
3877463317
3780436447
3779695746
3777848580
3745155403
3745110338
3745056794
3721078076
3721026246
3720222800
3720221218
3720209589
3716924385
3716465592
3716452651
3716380420
3715993849
3715974601
3715944010
3715905298
3715862845
3715820257
3713866563
3713832893
3710126795
3710075391
3703762128
3703731194
3696570078
3696484183
3696438310
3689329303
3689287537
3688341229
3688210310
3686382690
3686301837
3680393561
3680338370
3679574233
3679562538
3679551571
3679505553
3679488905
3679330303
3679308451
3677569373
3677567332
3677531688
3677495943
3677420458
3677208656
3676748385
3676736116
3676751327
3674400661
3674386522
3673757898
3673116012
3673075103
3672951586
3672897986
3671866401
3671821815
3671520693
3671431192
3670982846
3670953301
3670887153
3669812462
3669755866
3669686982
3669671553
3668875575
3668841450
3663289512
3662752517
3662751121
3662728904
3662726997
3661437435
3661434850
3660386497
3656949705
3656355204
3656195940
3656079647
3656009112
3655865669
3655685355
3655626277
3878693080
3878685482
3863057405
3862907300
3862821345
3862802171
3862748951
3862052334
3861082991
3860053571
3860032942
3859995698
3804690111
3804618076
3803310066
3801875724
3801800082
3801225569
3799042026
3798406146
3798353982
3798332544
3798188087
3781660840
3778429536
3777874641
3777781717
3777421288
3776724553
3776719931
3776691891
3763767349
3763658777
3760953688
3760906769
3760864931
3760819332
3760752122
3760619211
3760563823
3760502227
3760400923
3760322732
3760274196
3759852641
3759805050
3759775826
3759780651
3759728502
3759684521
3759635670
3759605541
3759484623
3757616381
3757515193
3757501616
3757465392
3754443693
3754406117
3754358639
3754340957
3754302972
3754293244
3754262408
3754215361
3754173743
3754138546
3754105591
3753110674
3753070979
3752995986
3752963127
3752834886
3752748646
3750656641
3748709703
3745492429
3745448092
3745362966
3745345488
3745318131
3731068355
3728571588
3728521335
3728441180
3728376140
3728356463
3726587271
3726497039
3726407539
3726366892
3726347438
3726343809
3725081475
3725060681
3725030687
3724991305
3724950937
3717667610
3717562453
3878693080
3878692146
3878668729
3878649067
3878654654
3877491651
3877490669
3877439953
3877448858
3877463317
3780436447
3779695746
3777848580
3745155403
3745110338
3745056794
3721078076
3721026246
3720222800
3720221218
3720209589
3716924385
3716465592
3716452651
3716380420
3715993849
3715974601
3715944010
3715905298
3715862845
3715820257
3713866563
3713832893
3710126795
3710075391
3703762128
3703731194
3696570078
3696484183
3696438310
3689329303
3689287537
3688341229
3688210310
3686382690
3686301837
3680393561
3680338370
3679574233
3679562538
3679551571
3679505553
3679488905
3679330303
3679308451
3677569373
3677567332
3677531688
3677495943
3677420458
3677208656
3676748385
3676736116
3676751327
3674400661
3674386522
3673757898
3673116012
3673075103
3672951586
3672897986
3671866401
3671821815
3671520693
3671431192
3670982846
3670953301
3670887153
3669812462
3669755866
3669686982
3669671553
3668875575
3668841450
3663289512
3662752517
3662751121
3662728904
3662726997
3661437435
3661434850
3660386497
3656949705
3656355204
3656195940
3656079647
3656009112
3655865669
3655685355
3655626277
3878693080
3878685482
3863057405
3862907300
3862821345
3862802171
3862748951
3862052334
3861082991
3860053571
3860032942
3859995698
3804690111
3804618076
3803310066
3801875724
3801800082
3801225569
3799042026
3798406146
3798353982
3798332544
3798188087
3781660840
3778429536
3777874641
3777781717
3777421288
3776724553
3776719931
3776691891
3763767349
3763658777
3760953688
3760906769
3760864931
3760819332
3760752122
3760619211
3760563823
3760502227
3760400923
3760322732
3760274196
3759852641
3759805050
3759775826
3759780651
3759728502
3759684521
3759635670
3759605541
3759484623
3757616381
3757515193
3757501616
3757465392
3754443693
3754406117
3754358639
3754340957
3754302972
3754293244
3754262408
3754215361
3754173743
3754138546
3754105591
3753110674
3753070979
3752995986
3752963127
3752834886
3752748646
3750656641
3748709703
3745492429
3745448092
3745362966
3745345488
3745318131
3731068355
3728571588
3728521335
3728441180
3728376140
3728356463
3726587271
3726497039
3726407539
3726366892
3726347438
3726343809
3725081475
3725060681
3725030687
3724991305
3724950937
3717667610
3717562453
3878693080
3878692146
3878668729
3878649067
3878654654
3877491651
3877490669
3877439953
3877448858
3877463317
3780436447
3779695746
3777848580
3745155403
3745110338
3745056794
3721078076
3721026246
3720222800
3720221218
3720209589
3716924385
3716465592
3716452651
3716380420
3715993849
3715974601
3715944010
3715905298
3715862845
3715820257
3713866563
3713832893
3710126795
3710075391
3703762128
3703731194
3696570078
3696484183
3696438310
3689329303
3689287537
3688341229
3688210310
3686382690
3686301837
3680393561
3680338370
3679574233
3679562538
3679551571
3679505553
3679488905
3679330303
3679308451
3677569373
3677567332
3677531688
3677495943
3677420458
3677208656
3676748385
3676736116
3676751327
3674400661
3674386522
3673757898
3673116012
3673075103
3672951586
3672897986
3671866401
3671821815
3671520693
3671431192
3670982846
3670953301
3670887153
3669812462
3669755866
3669686982
3669671553
3668875575
3668841450
3663289512
3662752517
3662751121
3662728904
3662726997
3661437435
3661434850
3660386497
3656949705
3656355204
3656195940
3656079647
3656009112
3655865669
3655685355
3655626277
3878693080
3878685482
3863057405
3862907300
3862821345
3862802171
3862748951
3862052334
3861082991
3860053571
3860032942
3859995698
3804690111
3804618076
3803310066
3801875724
3801800082
3801225569
3799042026
3798406146
3798353982
3798332544
3798188087
3781660840
3778429536
3777874641
3777781717
3777421288
3776724553
3776719931
3776691891
3763767349
3763658777
3760953688
3760906769
3760864931
3760819332
3760752122
3760619211
3760563823
3760502227
3760400923
3760322732
3760274196
3759852641
3759805050
3759775826
3759780651
3759728502
3759684521
3759635670
3759605541
3759484623
3757616381
3757515193
3757501616
3757465392
3754443693
3754406117
3754358639
3754340957
3754302972
3754293244
3754262408
3754215361
3754173743
3754138546
3754105591
3753110674
3753070979
3752995986
3752963127
3752834886
3752748646
3750656641
3748709703
3745492429
3745448092
3745362966
3745345488
3745318131
3731068355
3728571588
3728521335
3728441180
3728376140
3728356463
3726587271
3726497039
3726407539
3726366892
3726347438
3726343809
3725081475
3725060681
3725030687
3724991305
3724950937
3717667610
3717562453
